1900.00  -0.0072170   0.0476690
1900.05  -0.0072562   0.0478738
1900.10  -0.0072963   0.0480790
1900.15  -0.0073374   0.0482845
1900.20  -0.0073795   0.0484902
1900.25  -0.0074226   0.0486963
1900.30  -0.0074666   0.0489026
1900.35  -0.0075117   0.0491093
1900.40  -0.0075578   0.0493162
1900.45  -0.0076049   0.0495233
1900.50  -0.0076530   0.0497307
1900.55  -0.0077021   0.0499383
1900.60  -0.0077523   0.0501461
1900.65  -0.0078035   0.0503541
1900.70  -0.0078557   0.0505624
1900.75  -0.0079090   0.0507708
1900.80  -0.0079634   0.0509794
1900.85  -0.0080188   0.0511882
1900.90  -0.0080752   0.0513971
1900.95  -0.0081328   0.0516062
1901.00  -0.0081914   0.0518154
1901.05  -0.0082510   0.0520247
1901.10  -0.0083118   0.0522342
1901.15  -0.0083736   0.0524437
1901.20  -0.0084365   0.0526534
1901.25  -0.0085005   0.0528632
1901.30  -0.0085655   0.0530730
1901.35  -0.0086317   0.0532829
1901.40  -0.0086989   0.0534928
1901.45  -0.0087672   0.0537029
1901.50  -0.0088366   0.0539129
1901.55  -0.0089071   0.0541230
1901.60  -0.0089787   0.0543331
1901.65  -0.0090513   0.0545432
1901.70  -0.0091251   0.0547534
1901.75  -0.0091999   0.0549635
1901.80  -0.0092758   0.0551736
1901.85  -0.0093528   0.0553837
1901.90  -0.0094308   0.0555938
1901.95  -0.0095100   0.0558039
1902.00  -0.0095902   0.0560139
1902.05  -0.0096714   0.0562239
1902.10  -0.0097537   0.0564339
1902.15  -0.0098371   0.0566437
1902.20  -0.0099215   0.0568536
1902.25  -0.0100070   0.0570633
1902.30  -0.0100934   0.0572730
1902.35  -0.0101809   0.0574827
1902.40  -0.0102695   0.0576922
1902.45  -0.0103590   0.0579017
1902.50  -0.0104495   0.0581111
1902.55  -0.0105411   0.0583204
1902.60  -0.0106336   0.0585296
1902.65  -0.0107270   0.0587387
1902.70  -0.0108215   0.0589478
1902.75  -0.0109169   0.0591567
1902.80  -0.0110132   0.0593655
1902.85  -0.0111104   0.0595743
1902.90  -0.0112085   0.0597830
1902.95  -0.0113076   0.0599915
1903.00  -0.0114075   0.0602000
1903.05  -0.0115083   0.0604084
1903.10  -0.0116099   0.0606167
1903.15  -0.0117123   0.0608249
1903.20  -0.0118156   0.0610331
1903.25  -0.0119197   0.0612411
1903.30  -0.0120245   0.0614491
1903.35  -0.0121301   0.0616570
1903.40  -0.0122364   0.0618649
1903.45  -0.0123435   0.0620727
1903.50  -0.0124512   0.0622804
1903.55  -0.0125596   0.0624881
1903.60  -0.0126687   0.0626958
1903.65  -0.0127784   0.0629034
1903.70  -0.0128887   0.0631110
1903.75  -0.0129996   0.0633186
1903.80  -0.0131110   0.0635262
1903.85  -0.0132230   0.0637338
1903.90  -0.0133355   0.0639414
1903.95  -0.0134484   0.0641491
1904.00  -0.0135618   0.0643568
1904.05  -0.0136757   0.0645645
1904.10  -0.0137899   0.0647723
1904.15  -0.0139045   0.0649802
1904.20  -0.0140194   0.0651881
1904.25  -0.0141347   0.0653962
1904.30  -0.0142502   0.0656044
1904.35  -0.0143660   0.0658127
1904.40  -0.0144820   0.0660212
1904.45  -0.0145982   0.0662299
1904.50  -0.0147145   0.0664387
1904.55  -0.0148309   0.0666477
1904.60  -0.0149475   0.0668569
1904.65  -0.0150640   0.0670664
1904.70  -0.0151807   0.0672761
1904.75  -0.0152972   0.0674861
1904.80  -0.0154138   0.0676963
1904.85  -0.0155302   0.0679069
1904.90  -0.0156466   0.0681178
1904.95  -0.0157627   0.0683290
1905.00  -0.0158787   0.0685406
1905.05  -0.0159945   0.0687525
1905.10  -0.0161099   0.0689649
1905.15  -0.0162251   0.0691776
1905.20  -0.0163400   0.0693909
1905.25  -0.0164544   0.0696045
1905.30  -0.0165685   0.0698186
1905.35  -0.0166821   0.0700333
1905.40  -0.0167952   0.0702484
1905.45  -0.0169077   0.0704641
1905.50  -0.0170197   0.0706803
1905.55  -0.0171311   0.0708971
1905.60  -0.0172419   0.0711145
1905.65  -0.0173519   0.0713325
1905.70  -0.0174613   0.0715512
1905.75  -0.0175698   0.0717704
1905.80  -0.0176776   0.0719904
1905.85  -0.0177846   0.0722110
1905.90  -0.0178907   0.0724324
1905.95  -0.0179958   0.0726544
1906.00  -0.0181000   0.0728772
1906.05  -0.0182033   0.0731008
1906.10  -0.0183055   0.0733251
1906.15  -0.0184066   0.0735502
1906.20  -0.0185067   0.0737761
1906.25  -0.0186056   0.0740028
1906.30  -0.0187033   0.0742303
1906.35  -0.0187998   0.0744587
1906.40  -0.0188951   0.0746879
1906.45  -0.0189892   0.0749180
1906.50  -0.0190819   0.0751489
1906.55  -0.0191732   0.0753807
1906.60  -0.0192632   0.0756134
1906.65  -0.0193518   0.0758471
1906.70  -0.0194389   0.0760816
1906.75  -0.0195246   0.0763170
1906.80  -0.0196087   0.0765533
1906.85  -0.0196913   0.0767906
1906.90  -0.0197723   0.0770288
1906.95  -0.0198518   0.0772679
1907.00  -0.0199296   0.0775079
1907.05  -0.0200057   0.0777488
1907.10  -0.0200802   0.0779907
1907.15  -0.0201530   0.0782334
1907.20  -0.0202240   0.0784771
1907.25  -0.0202933   0.0787217
1907.30  -0.0203607   0.0789672
1907.35  -0.0204264   0.0792135
1907.40  -0.0204902   0.0794608
1907.45  -0.0205522   0.0797089
1907.50  -0.0206123   0.0799578
1907.55  -0.0206705   0.0802076
1907.60  -0.0207268   0.0804583
1907.65  -0.0207811   0.0807097
1907.70  -0.0208335   0.0809619
1907.75  -0.0208839   0.0812149
1907.80  -0.0209324   0.0814687
1907.85  -0.0209788   0.0817231
1907.90  -0.0210232   0.0819783
1907.95  -0.0210656   0.0822341
1908.00  -0.0211059   0.0824906
1908.05  -0.0211442   0.0827477
1908.10  -0.0211804   0.0830054
1908.15  -0.0212146   0.0832637
1908.20  -0.0212466   0.0835224
1908.25  -0.0212766   0.0837817
1908.30  -0.0213044   0.0840414
1908.35  -0.0213302   0.0843015
1908.40  -0.0213538   0.0845620
1908.45  -0.0213754   0.0848229
1908.50  -0.0213948   0.0850840
1908.55  -0.0214120   0.0853454
1908.60  -0.0214272   0.0856070
1908.65  -0.0214402   0.0858687
1908.70  -0.0214512   0.0861306
1908.75  -0.0214599   0.0863925
1908.80  -0.0214666   0.0866545
1908.85  -0.0214712   0.0869164
1908.90  -0.0214736   0.0871782
1908.95  -0.0214739   0.0874399
1909.00  -0.0214721   0.0877014
1909.05  -0.0214682   0.0879626
1909.10  -0.0214623   0.0882236
1909.15  -0.0214542   0.0884842
1909.20  -0.0214441   0.0887443
1909.25  -0.0214319   0.0890040
1909.30  -0.0214176   0.0892631
1909.35  -0.0214013   0.0895217
1909.40  -0.0213829   0.0897796
1909.45  -0.0213625   0.0900367
1909.50  -0.0213401   0.0902931
1909.55  -0.0213157   0.0905486
1909.60  -0.0212894   0.0908032
1909.65  -0.0212610   0.0910569
1909.70  -0.0212307   0.0913095
1909.75  -0.0211984   0.0915609
1909.80  -0.0211643   0.0918113
1909.85  -0.0211282   0.0920603
1909.90  -0.0210902   0.0923081
1909.95  -0.0210503   0.0925545
1910.00  -0.0210086   0.0927995
1910.05  -0.0209650   0.0930430
1910.10  -0.0209196   0.0932849
1910.15  -0.0208725   0.0935252
1910.20  -0.0208235   0.0937638
1910.25  -0.0207727   0.0940007
1910.30  -0.0207203   0.0942357
1910.35  -0.0206661   0.0944688
1910.40  -0.0206101   0.0947000
1910.45  -0.0205525   0.0949291
1910.50  -0.0204933   0.0951562
1910.55  -0.0204324   0.0953811
1910.60  -0.0203699   0.0956039
1910.65  -0.0203057   0.0958244
1910.70  -0.0202400   0.0960425
1910.75  -0.0201728   0.0962583
1910.80  -0.0201040   0.0964716
1910.85  -0.0200337   0.0966825
1910.90  -0.0199619   0.0968908
1910.95  -0.0198886   0.0970965
1911.00  -0.0198139   0.0972995
1911.05  -0.0197377   0.0974999
1911.10  -0.0196602   0.0976974
1911.15  -0.0195813   0.0978922
1911.20  -0.0195010   0.0980841
1911.25  -0.0194193   0.0982731
1911.30  -0.0193364   0.0984592
1911.35  -0.0192521   0.0986422
1911.40  -0.0191666   0.0988223
1911.45  -0.0190798   0.0989992
1911.50  -0.0189917   0.0991731
1911.55  -0.0189025   0.0993438
1911.60  -0.0188120   0.0995113
1911.65  -0.0187204   0.0996756
1911.70  -0.0186276   0.0998367
1911.75  -0.0185337   0.0999945
1911.80  -0.0184387   0.1001490
1911.85  -0.0183426   0.1003001
1911.90  -0.0182454   0.1004480
1911.95  -0.0181471   0.1005924
1912.00  -0.0180478   0.1007334
1912.05  -0.0179474   0.1008711
1912.10  -0.0178461   0.1010053
1912.15  -0.0177437   0.1011361
1912.20  -0.0176404   0.1012634
1912.25  -0.0175361   0.1013873
1912.30  -0.0174309   0.1015077
1912.35  -0.0173248   0.1016247
1912.40  -0.0172177   0.1017382
1912.45  -0.0171097   0.1018482
1912.50  -0.0170009   0.1019547
1912.55  -0.0168912   0.1020578
1912.60  -0.0167806   0.1021575
1912.65  -0.0166692   0.1022536
1912.70  -0.0165570   0.1023464
1912.75  -0.0164439   0.1024357
1912.80  -0.0163301   0.1025216
1912.85  -0.0162154   0.1026042
1912.90  -0.0161000   0.1026833
1912.95  -0.0159838   0.1027591
1913.00  -0.0158668   0.1028316
1913.05  -0.0157491   0.1029007
1913.10  -0.0156307   0.1029666
1913.15  -0.0155115   0.1030293
1913.20  -0.0153916   0.1030887
1913.25  -0.0152710   0.1031450
1913.30  -0.0151496   0.1031980
1913.35  -0.0150276   0.1032480
1913.40  -0.0149049   0.1032950
1913.45  -0.0147815   0.1033388
1913.50  -0.0146575   0.1033797
1913.55  -0.0145327   0.1034177
1913.60  -0.0144073   0.1034527
1913.65  -0.0142813   0.1034849
1913.70  -0.0141546   0.1035143
1913.75  -0.0140272   0.1035410
1913.80  -0.0138992   0.1035649
1913.85  -0.0137706   0.1035862
1913.90  -0.0136413   0.1036049
1913.95  -0.0135114   0.1036211
1914.00  -0.0133809   0.1036348
1914.05  -0.0132498   0.1036460
1914.10  -0.0131180   0.1036549
1914.15  -0.0129856   0.1036615
1914.20  -0.0128526   0.1036659
1914.25  -0.0127190   0.1036681
1914.30  -0.0125848   0.1036682
1914.35  -0.0124500   0.1036662
1914.40  -0.0123146   0.1036623
1914.45  -0.0121786   0.1036564
1914.50  -0.0120420   0.1036487
1914.55  -0.0119048   0.1036392
1914.60  -0.0117670   0.1036280
1914.65  -0.0116286   0.1036152
1914.70  -0.0114896   0.1036007
1914.75  -0.0113500   0.1035848
1914.80  -0.0112098   0.1035675
1914.85  -0.0110690   0.1035488
1914.90  -0.0109277   0.1035288
1914.95  -0.0107857   0.1035076
1915.00  -0.0106432   0.1034852
1915.05  -0.0105001   0.1034618
1915.10  -0.0103564   0.1034374
1915.15  -0.0102121   0.1034120
1915.20  -0.0100672   0.1033858
1915.25  -0.0099218   0.1033588
1915.30  -0.0097758   0.1033310
1915.35  -0.0096292   0.1033027
1915.40  -0.0094820   0.1032737
1915.45  -0.0093343   0.1032443
1915.50  -0.0091860   0.1032144
1915.55  -0.0090372   0.1031841
1915.60  -0.0088877   0.1031536
1915.65  -0.0087378   0.1031228
1915.70  -0.0085872   0.1030919
1915.75  -0.0084362   0.1030609
1915.80  -0.0082845   0.1030298
1915.85  -0.0081324   0.1029989
1915.90  -0.0079797   0.1029680
1915.95  -0.0078264   0.1029373
1916.00  -0.0076726   0.1029068
1916.05  -0.0075184   0.1028767
1916.10  -0.0073636   0.1028469
1916.15  -0.0072082   0.1028176
1916.20  -0.0070524   0.1027887
1916.25  -0.0068961   0.1027604
1916.30  -0.0067393   0.1027327
1916.35  -0.0065821   0.1027057
1916.40  -0.0064243   0.1026794
1916.45  -0.0062661   0.1026539
1916.50  -0.0061075   0.1026292
1916.55  -0.0059484   0.1026055
1916.60  -0.0057889   0.1025826
1916.65  -0.0056290   0.1025608
1916.70  -0.0054687   0.1025401
1916.75  -0.0053080   0.1025204
1916.80  -0.0051469   0.1025019
1916.85  -0.0049854   0.1024846
1916.90  -0.0048236   0.1024685
1916.95  -0.0046615   0.1024537
1917.00  -0.0044991   0.1024403
1917.05  -0.0043363   0.1024282
1917.10  -0.0041733   0.1024176
1917.15  -0.0040100   0.1024085
1917.20  -0.0038465   0.1024008
1917.25  -0.0036828   0.1023947
1917.30  -0.0035188   0.1023902
1917.35  -0.0033547   0.1023872
1917.40  -0.0031904   0.1023860
1917.45  -0.0030259   0.1023864
1917.50  -0.0028613   0.1023886
1917.55  -0.0026967   0.1023925
1917.60  -0.0025320   0.1023982
1917.65  -0.0023672   0.1024057
1917.70  -0.0022024   0.1024151
1917.75  -0.0020377   0.1024263
1917.80  -0.0018729   0.1024394
1917.85  -0.0017083   0.1024545
1917.90  -0.0015437   0.1024715
1917.95  -0.0013792   0.1024905
1918.00  -0.0012149   0.1025115
1918.05  -0.0010508   0.1025346
1918.10  -0.0008869   0.1025596
1918.15  -0.0007233   0.1025867
1918.20  -0.0005599   0.1026160
1918.25  -0.0003969   0.1026473
1918.30  -0.0002342   0.1026807
1918.35  -0.0000719   0.1027163
1918.40   0.0000900   0.1027540
1918.45   0.0002514   0.1027939
1918.50   0.0004123   0.1028359
1918.55   0.0005727   0.1028802
1918.60   0.0007325   0.1029267
1918.65   0.0008917   0.1029754
1918.70   0.0010503   0.1030263
1918.75   0.0012081   0.1030794
1918.80   0.0013652   0.1031349
1918.85   0.0015216   0.1031925
1918.90   0.0016771   0.1032525
1918.95   0.0018318   0.1033147
1919.00   0.0019856   0.1033792
1919.05   0.0021384   0.1034460
1919.10   0.0022902   0.1035151
1919.15   0.0024410   0.1035864
1919.20   0.0025907   0.1036601
1919.25   0.0027393   0.1037361
1919.30   0.0028868   0.1038145
1919.35   0.0030330   0.1038951
1919.40   0.0031780   0.1039781
1919.45   0.0033216   0.1040633
1919.50   0.0034639   0.1041510
1919.55   0.0036049   0.1042409
1919.60   0.0037443   0.1043332
1919.65   0.0038823   0.1044278
1919.70   0.0040187   0.1045247
1919.75   0.0041536   0.1046240
1919.80   0.0042868   0.1047256
1919.85   0.0044184   0.1048295
1919.90   0.0045482   0.1049358
1919.95   0.0046763   0.1050444
1920.00   0.0048025   0.1051553
1920.05   0.0049269   0.1052686
1920.10   0.0050494   0.1053841
1920.15   0.0051699   0.1055020
1920.20   0.0052884   0.1056223
1920.25   0.0054048   0.1057448
1920.30   0.0055192   0.1058697
1920.35   0.0056315   0.1059969
1920.40   0.0057415   0.1061264
1920.45   0.0058493   0.1062582
1920.50   0.0059549   0.1063923
1920.55   0.0060581   0.1065287
1920.60   0.0061590   0.1066675
1920.65   0.0062575   0.1068085
1920.70   0.0063536   0.1069518
1920.75   0.0064472   0.1070974
1920.80   0.0065382   0.1072453
1920.85   0.0066267   0.1073954
1920.90   0.0067127   0.1075479
1920.95   0.0067959   0.1077026
1921.00   0.0068765   0.1078596
1921.05   0.0069544   0.1080189
1921.10   0.0070296   0.1081804
1921.15   0.0071020   0.1083441
1921.20   0.0071716   0.1085102
1921.25   0.0072383   0.1086784
1921.30   0.0073022   0.1088490
1921.35   0.0073631   0.1090217
1921.40   0.0074212   0.1091967
1921.45   0.0074762   0.1093739
1921.50   0.0075283   0.1095534
1921.55   0.0075774   0.1097350
1921.60   0.0076234   0.1099189
1921.65   0.0076664   0.1101050
1921.70   0.0077063   0.1102933
1921.75   0.0077430   0.1104838
1921.80   0.0077767   0.1106765
1921.85   0.0078072   0.1108714
1921.90   0.0078346   0.1110685
1921.95   0.0078587   0.1112678
1922.00   0.0078797   0.1114692
1922.05   0.0078975   0.1116729
1922.10   0.0079121   0.1118787
1922.15   0.0079235   0.1120866
1922.20   0.0079316   0.1122968
1922.25   0.0079365   0.1125090
1922.30   0.0079381   0.1127235
1922.35   0.0079365   0.1129401
1922.40   0.0079316   0.1131588
1922.45   0.0079235   0.1133797
1922.50   0.0079121   0.1136027
1922.55   0.0078975   0.1138278
1922.60   0.0078796   0.1140551
1922.65   0.0078584   0.1142845
1922.70   0.0078341   0.1145160
1922.75   0.0078064   0.1147496
1922.80   0.0077756   0.1149853
1922.85   0.0077415   0.1152232
1922.90   0.0077043   0.1154631
1922.95   0.0076638   0.1157052
1923.00   0.0076202   0.1159493
1923.05   0.0075734   0.1161955
1923.10   0.0075234   0.1164439
1923.15   0.0074704   0.1166943
1923.20   0.0074142   0.1169467
1923.25   0.0073549   0.1172013
1923.30   0.0072926   0.1174579
1923.35   0.0072272   0.1177166
1923.40   0.0071588   0.1179774
1923.45   0.0070875   0.1182402
1923.50   0.0070131   0.1185050
1923.55   0.0069359   0.1187720
1923.60   0.0068557   0.1190409
1923.65   0.0067727   0.1193119
1923.70   0.0066868   0.1195850
1923.75   0.0065981   0.1198601
1923.80   0.0065067   0.1201372
1923.85   0.0064125   0.1204163
1923.90   0.0063157   0.1206975
1923.95   0.0062161   0.1209807
1924.00   0.0061140   0.1212659
1924.05   0.0060093   0.1215531
1924.10   0.0059020   0.1218423
1924.15   0.0057923   0.1221335
1924.20   0.0056800   0.1224267
1924.25   0.0055654   0.1227219
1924.30   0.0054484   0.1230190
1924.35   0.0053291   0.1233182
1924.40   0.0052076   0.1236193
1924.45   0.0050837   0.1239224
1924.50   0.0049578   0.1242275
1924.55   0.0048296   0.1245345
1924.60   0.0046994   0.1248435
1924.65   0.0045672   0.1251544
1924.70   0.0044330   0.1254672
1924.75   0.0042968   0.1257820
1924.80   0.0041587   0.1260987
1924.85   0.0040188   0.1264173
1924.90   0.0038772   0.1267378
1924.95   0.0037338   0.1270602
1925.00   0.0035887   0.1273845
1925.05   0.0034419   0.1277107
1925.10   0.0032936   0.1280388
1925.15   0.0031438   0.1283687
1925.20   0.0029925   0.1287005
1925.25   0.0028398   0.1290341
1925.30   0.0026857   0.1293696
1925.35   0.0025303   0.1297069
1925.40   0.0023736   0.1300460
1925.45   0.0022157   0.1303869
1925.50   0.0020567   0.1307296
1925.55   0.0018965   0.1310741
1925.60   0.0017353   0.1314203
1925.65   0.0015731   0.1317683
1925.70   0.0014099   0.1321180
1925.75   0.0012458   0.1324695
1925.80   0.0010808   0.1328226
1925.85   0.0009151   0.1331775
1925.90   0.0007486   0.1335340
1925.95   0.0005814   0.1338922
1926.00   0.0004136   0.1342520
1926.05   0.0002451   0.1346134
1926.10   0.0000761   0.1349765
1926.15  -0.0000934   0.1353412
1926.20  -0.0002634   0.1357074
1926.25  -0.0004338   0.1360752
1926.30  -0.0006046   0.1364445
1926.35  -0.0007757   0.1368153
1926.40  -0.0009471   0.1371876
1926.45  -0.0011187   0.1375614
1926.50  -0.0012905   0.1379366
1926.55  -0.0014624   0.1383133
1926.60  -0.0016345   0.1386913
1926.65  -0.0018066   0.1390707
1926.70  -0.0019788   0.1394515
1926.75  -0.0021509   0.1398336
1926.80  -0.0023230   0.1402170
1926.85  -0.0024950   0.1406017
1926.90  -0.0026668   0.1409876
1926.95  -0.0028385   0.1413747
1927.00  -0.0030100   0.1417630
1927.05  -0.0031812   0.1421525
1927.10  -0.0033522   0.1425431
1927.15  -0.0035228   0.1429348
1927.20  -0.0036931   0.1433275
1927.25  -0.0038631   0.1437213
1927.30  -0.0040326   0.1441161
1927.35  -0.0042017   0.1445119
1927.40  -0.0043703   0.1449086
1927.45  -0.0045385   0.1453062
1927.50  -0.0047061   0.1457047
1927.55  -0.0048731   0.1461040
1927.60  -0.0050396   0.1465041
1927.65  -0.0052055   0.1469050
1927.70  -0.0053707   0.1473066
1927.75  -0.0055353   0.1477089
1927.80  -0.0056992   0.1481119
1927.85  -0.0058624   0.1485155
1927.90  -0.0060249   0.1489196
1927.95  -0.0061866   0.1493243
1928.00  -0.0063476   0.1497295
1928.05  -0.0065077   0.1501352
1928.10  -0.0066671   0.1505413
1928.15  -0.0068256   0.1509477
1928.20  -0.0069833   0.1513545
1928.25  -0.0071402   0.1517616
1928.30  -0.0072961   0.1521690
1928.35  -0.0074512   0.1525766
1928.40  -0.0076053   0.1529843
1928.45  -0.0077585   0.1533922
1928.50  -0.0079107   0.1538002
1928.55  -0.0080620   0.1542082
1928.60  -0.0082124   0.1546163
1928.65  -0.0083617   0.1550243
1928.70  -0.0085100   0.1554323
1928.75  -0.0086573   0.1558401
1928.80  -0.0088036   0.1562477
1928.85  -0.0089489   0.1566552
1928.90  -0.0090931   0.1570624
1928.95  -0.0092362   0.1574693
1929.00  -0.0093783   0.1578759
1929.05  -0.0095192   0.1582822
1929.10  -0.0096591   0.1586880
1929.15  -0.0097979   0.1590933
1929.20  -0.0099355   0.1594982
1929.25  -0.0100720   0.1599025
1929.30  -0.0102074   0.1603062
1929.35  -0.0103416   0.1607093
1929.40  -0.0104747   0.1611117
1929.45  -0.0106066   0.1615134
1929.50  -0.0107373   0.1619144
1929.55  -0.0108668   0.1623146
1929.60  -0.0109951   0.1627139
1929.65  -0.0111223   0.1631124
1929.70  -0.0112482   0.1635100
1929.75  -0.0113728   0.1639066
1929.80  -0.0114963   0.1643022
1929.85  -0.0116184   0.1646968
1929.90  -0.0117393   0.1650904
1929.95  -0.0118590   0.1654828
1930.00  -0.0119774   0.1658741
1930.05  -0.0120944   0.1662643
1930.10  -0.0122102   0.1666532
1930.15  -0.0123246   0.1670409
1930.20  -0.0124378   0.1674273
1930.25  -0.0125496   0.1678124
1930.30  -0.0126600   0.1681961
1930.35  -0.0127691   0.1685785
1930.40  -0.0128768   0.1689595
1930.45  -0.0129831   0.1693390
1930.50  -0.0130880   0.1697171
1930.55  -0.0131915   0.1700936
1930.60  -0.0132936   0.1704687
1930.65  -0.0133942   0.1708422
1930.70  -0.0134934   0.1712141
1930.75  -0.0135911   0.1715844
1930.80  -0.0136873   0.1719530
1930.85  -0.0137820   0.1723201
1930.90  -0.0138752   0.1726854
1930.95  -0.0139668   0.1730490
1931.00  -0.0140569   0.1734109
1931.05  -0.0141455   0.1737711
1931.10  -0.0142324   0.1741295
1931.15  -0.0143177   0.1744861
1931.20  -0.0144015   0.1748410
1931.25  -0.0144835   0.1751940
1931.30  -0.0145639   0.1755452
1931.35  -0.0146427   0.1758945
1931.40  -0.0147197   0.1762420
1931.45  -0.0147950   0.1765876
1931.50  -0.0148685   0.1769313
1931.55  -0.0149403   0.1772731
1931.60  -0.0150103   0.1776130
1931.65  -0.0150785   0.1779510
1931.70  -0.0151449   0.1782870
1931.75  -0.0152094   0.1786212
1931.80  -0.0152721   0.1789534
1931.85  -0.0153328   0.1792836
1931.90  -0.0153916   0.1796120
1931.95  -0.0154485   0.1799383
1932.00  -0.0155034   0.1802627
1932.05  -0.0155563   0.1805852
1932.10  -0.0156072   0.1809057
1932.15  -0.0156560   0.1812243
1932.20  -0.0157028   0.1815409
1932.25  -0.0157475   0.1818556
1932.30  -0.0157900   0.1821683
1932.35  -0.0158305   0.1824791
1932.40  -0.0158687   0.1827880
1932.45  -0.0159047   0.1830949
1932.50  -0.0159386   0.1833999
1932.55  -0.0159701   0.1837030
1932.60  -0.0159994   0.1840043
1932.65  -0.0160264   0.1843036
1932.70  -0.0160511   0.1846010
1932.75  -0.0160734   0.1848966
1932.80  -0.0160934   0.1851904
1932.85  -0.0161109   0.1854822
1932.90  -0.0161260   0.1857723
1932.95  -0.0161387   0.1860606
1933.00  -0.0161489   0.1863470
1933.05  -0.0161566   0.1866317
1933.10  -0.0161617   0.1869146
1933.15  -0.0161643   0.1871958
1933.20  -0.0161643   0.1874752
1933.25  -0.0161617   0.1877530
1933.30  -0.0161565   0.1880290
1933.35  -0.0161487   0.1883034
1933.40  -0.0161381   0.1885762
1933.45  -0.0161249   0.1888473
1933.50  -0.0161090   0.1891168
1933.55  -0.0160903   0.1893847
1933.60  -0.0160689   0.1896511
1933.65  -0.0160447   0.1899159
1933.70  -0.0160177   0.1901793
1933.75  -0.0159879   0.1904411
1933.80  -0.0159552   0.1907015
1933.85  -0.0159198   0.1909604
1933.90  -0.0158814   0.1912179
1933.95  -0.0158402   0.1914740
1934.00  -0.0157961   0.1917288
1934.05  -0.0157490   0.1919822
1934.10  -0.0156991   0.1922343
1934.15  -0.0156462   0.1924851
1934.20  -0.0155904   0.1927346
1934.25  -0.0155316   0.1929829
1934.30  -0.0154698   0.1932299
1934.35  -0.0154051   0.1934758
1934.40  -0.0153374   0.1937205
1934.45  -0.0152667   0.1939641
1934.50  -0.0151931   0.1942066
1934.55  -0.0151164   0.1944479
1934.60  -0.0150367   0.1946882
1934.65  -0.0149541   0.1949275
1934.70  -0.0148684   0.1951657
1934.75  -0.0147798   0.1954029
1934.80  -0.0146881   0.1956392
1934.85  -0.0145935   0.1958745
1934.90  -0.0144959   0.1961089
1934.95  -0.0143953   0.1963424
1935.00  -0.0142918   0.1965750
1935.05  -0.0141852   0.1968067
1935.10  -0.0140758   0.1970376
1935.15  -0.0139634   0.1972676
1935.20  -0.0138480   0.1974969
1935.25  -0.0137298   0.1977253
1935.30  -0.0136087   0.1979530
1935.35  -0.0134846   0.1981800
1935.40  -0.0133578   0.1984062
1935.45  -0.0132281   0.1986317
1935.50  -0.0130956   0.1988565
1935.55  -0.0129603   0.1990806
1935.60  -0.0128222   0.1993040
1935.65  -0.0126814   0.1995268
1935.70  -0.0125378   0.1997489
1935.75  -0.0123916   0.1999704
1935.80  -0.0122428   0.2001912
1935.85  -0.0120913   0.2004114
1935.90  -0.0119373   0.2006311
1935.95  -0.0117807   0.2008501
1936.00  -0.0116216   0.2010685
1936.05  -0.0114600   0.2012863
1936.10  -0.0112960   0.2015035
1936.15  -0.0111295   0.2017201
1936.20  -0.0109608   0.2019362
1936.25  -0.0107897   0.2021517
1936.30  -0.0106164   0.2023666
1936.35  -0.0104408   0.2025809
1936.40  -0.0102631   0.2027946
1936.45  -0.0100833   0.2030077
1936.50  -0.0099014   0.2032203
1936.55  -0.0097175   0.2034322
1936.60  -0.0095316   0.2036436
1936.65  -0.0093438   0.2038544
1936.70  -0.0091542   0.2040645
1936.75  -0.0089627   0.2042740
1936.80  -0.0087695   0.2044829
1936.85  -0.0085747   0.2046911
1936.90  -0.0083782   0.2048987
1936.95  -0.0081801   0.2051056
1937.00  -0.0079806   0.2053118
1937.05  -0.0077796   0.2055173
1937.10  -0.0075772   0.2057222
1937.15  -0.0073735   0.2059262
1937.20  -0.0071686   0.2061296
1937.25  -0.0069624   0.2063321
1937.30  -0.0067552   0.2065339
1937.35  -0.0065469   0.2067349
1937.40  -0.0063376   0.2069350
1937.45  -0.0061274   0.2071343
1937.50  -0.0059163   0.2073328
1937.55  -0.0057045   0.2075303
1937.60  -0.0054919   0.2077269
1937.65  -0.0052787   0.2079226
1937.70  -0.0050649   0.2081173
1937.75  -0.0048506   0.2083110
1937.80  -0.0046359   0.2085037
1937.85  -0.0044208   0.2086953
1937.90  -0.0042053   0.2088859
1937.95  -0.0039897   0.2090753
1938.00  -0.0037739   0.2092636
1938.05  -0.0035579   0.2094508
1938.10  -0.0033420   0.2096367
1938.15  -0.0031260   0.2098215
1938.20  -0.0029102   0.2100050
1938.25  -0.0026946   0.2101872
1938.30  -0.0024791   0.2103681
1938.35  -0.0022640   0.2105476
1938.40  -0.0020492   0.2107258
1938.45  -0.0018349   0.2109025
1938.50  -0.0016211   0.2110779
1938.55  -0.0014078   0.2112517
1938.60  -0.0011951   0.2114241
1938.65  -0.0009831   0.2115949
1938.70  -0.0007719   0.2117642
1938.75  -0.0005614   0.2119319
1938.80  -0.0003518   0.2120980
1938.85  -0.0001431   0.2122624
1938.90   0.0000647   0.2124251
1938.95   0.0002714   0.2125861
1939.00   0.0004771   0.2127454
1939.05   0.0006816   0.2129030
1939.10   0.0008850   0.2130587
1939.15   0.0010872   0.2132126
1939.20   0.0012881   0.2133647
1939.25   0.0014877   0.2135149
1939.30   0.0016860   0.2136632
1939.35   0.0018829   0.2138096
1939.40   0.0020783   0.2139541
1939.45   0.0022723   0.2140966
1939.50   0.0024648   0.2142371
1939.55   0.0026558   0.2143756
1939.60   0.0028452   0.2145120
1939.65   0.0030330   0.2146465
1939.70   0.0032192   0.2147788
1939.75   0.0034037   0.2149091
1939.80   0.0035866   0.2150374
1939.85   0.0037678   0.2151635
1939.90   0.0039472   0.2152875
1939.95   0.0041250   0.2154093
1940.00   0.0043010   0.2155290
1940.05   0.0044752   0.2156466
1940.10   0.0046477   0.2157620
1940.15   0.0048183   0.2158753
1940.20   0.0049872   0.2159864
1940.25   0.0051543   0.2160953
1940.30   0.0053196   0.2162021
1940.35   0.0054831   0.2163067
1940.40   0.0056448   0.2164091
1940.45   0.0058048   0.2165094
1940.50   0.0059629   0.2166075
1940.55   0.0061193   0.2167035
1940.60   0.0062738   0.2167973
1940.65   0.0064267   0.2168890
1940.70   0.0065778   0.2169785
1940.75   0.0067271   0.2170660
1940.80   0.0068748   0.2171513
1940.85   0.0070207   0.2172346
1940.90   0.0071650   0.2173158
1940.95   0.0073077   0.2173949
1941.00   0.0074487   0.2174720
1941.05   0.0075881   0.2175471
1941.10   0.0077260   0.2176203
1941.15   0.0078624   0.2176915
1941.20   0.0079972   0.2177607
1941.25   0.0081306   0.2178281
1941.30   0.0082625   0.2178935
1941.35   0.0083931   0.2179572
1941.40   0.0085223   0.2180190
1941.45   0.0086502   0.2180790
1941.50   0.0087768   0.2181373
1941.55   0.0089022   0.2181939
1941.60   0.0090264   0.2182489
1941.65   0.0091495   0.2183022
1941.70   0.0092715   0.2183539
1941.75   0.0093924   0.2184041
1941.80   0.0095123   0.2184528
1941.85   0.0096313   0.2185000
1941.90   0.0097494   0.2185458
1941.95   0.0098667   0.2185902
1942.00   0.0099831   0.2186334
1942.05   0.0100989   0.2186752
1942.10   0.0102139   0.2187159
1942.15   0.0103283   0.2187554
1942.20   0.0104421   0.2187937
1942.25   0.0105554   0.2188310
1942.30   0.0106683   0.2188673
1942.35   0.0107807   0.2189026
1942.40   0.0108927   0.2189370
1942.45   0.0110045   0.2189706
1942.50   0.0111160   0.2190034
1942.55   0.0112273   0.2190354
1942.60   0.0113385   0.2190668
1942.65   0.0114496   0.2190975
1942.70   0.0115606   0.2191277
1942.75   0.0116717   0.2191573
1942.80   0.0117829   0.2191865
1942.85   0.0118942   0.2192153
1942.90   0.0120057   0.2192438
1942.95   0.0121174   0.2192720
1943.00   0.0122294   0.2193000
1943.05   0.0123417   0.2193277
1943.10   0.0124545   0.2193554
1943.15   0.0125676   0.2193831
1943.20   0.0126813   0.2194107
1943.25   0.0127954   0.2194384
1943.30   0.0129102   0.2194663
1943.35   0.0130255   0.2194943
1943.40   0.0131415   0.2195225
1943.45   0.0132582   0.2195510
1943.50   0.0133757   0.2195799
1943.55   0.0134939   0.2196091
1943.60   0.0136129   0.2196388
1943.65   0.0137327   0.2196690
1943.70   0.0138535   0.2196998
1943.75   0.0139751   0.2197311
1943.80   0.0140977   0.2197631
1943.85   0.0142213   0.2197958
1943.90   0.0143458   0.2198293
1943.95   0.0144714   0.2198635
1944.00   0.0145980   0.2198986
1944.05   0.0147257   0.2199346
1944.10   0.0148544   0.2199714
1944.15   0.0149843   0.2200093
1944.20   0.0151152   0.2200482
1944.25   0.0152473   0.2200881
1944.30   0.0153805   0.2201291
1944.35   0.0155148   0.2201712
1944.40   0.0156503   0.2202145
1944.45   0.0157870   0.2202590
1944.50   0.0159248   0.2203047
1944.55   0.0160637   0.2203517
1944.60   0.0162038   0.2204000
1944.65   0.0163450   0.2204496
1944.70   0.0164874   0.2205005
1944.75   0.0166310   0.2205528
1944.80   0.0167756   0.2206066
1944.85   0.0169213   0.2206617
1944.90   0.0170682   0.2207183
1944.95   0.0172161   0.2207764
1945.00   0.0173651   0.2208359
1945.05   0.0175151   0.2208970
1945.10   0.0176662   0.2209596
1945.15   0.0178182   0.2210237
1945.20   0.0179712   0.2210894
1945.25   0.0181252   0.2211566
1945.30   0.0182800   0.2212254
1945.35   0.0184357   0.2212958
1945.40   0.0185923   0.2213678
1945.45   0.0187497   0.2214414
1945.50   0.0189078   0.2215166
1945.55   0.0190667   0.2215934
1945.60   0.0192263   0.2216718
1945.65   0.0193865   0.2217518
1945.70   0.0195474   0.2218335
1945.75   0.0197088   0.2219168
1945.80   0.0198707   0.2220017
1945.85   0.0200331   0.2220882
1945.90   0.0201959   0.2221763
1945.95   0.0203590   0.2222661
1946.00   0.0205225   0.2223574
1946.05   0.0206863   0.2224504
1946.10   0.0208503   0.2225449
1946.15   0.0210144   0.2226410
1946.20   0.0211787   0.2227387
1946.25   0.0213430   0.2228380
1946.30   0.0215073   0.2229388
1946.35   0.0216715   0.2230412
1946.40   0.0218356   0.2231452
1946.45   0.0219996   0.2232506
1946.50   0.0221633   0.2233576
1946.55   0.0223267   0.2234661
1946.60   0.0224898   0.2235761
1946.65   0.0226524   0.2236875
1946.70   0.0228146   0.2238005
1946.75   0.0229762   0.2239149
1946.80   0.0231373   0.2240307
1946.85   0.0232976   0.2241480
1946.90   0.0234573   0.2242667
1946.95   0.0236162   0.2243867
1947.00   0.0237743   0.2245082
1947.05   0.0239315   0.2246311
1947.10   0.0240877   0.2247553
1947.15   0.0242429   0.2248809
1947.20   0.0243971   0.2250079
1947.25   0.0245501   0.2251361
1947.30   0.0247020   0.2252657
1947.35   0.0248526   0.2253966
1947.40   0.0250020   0.2255288
1947.45   0.0251499   0.2256623
1947.50   0.0252965   0.2257971
1947.55   0.0254417   0.2259331
1947.60   0.0255853   0.2260704
1947.65   0.0257274   0.2262089
1947.70   0.0258678   0.2263487
1947.75   0.0260067   0.2264897
1947.80   0.0261438   0.2266320
1947.85   0.0262791   0.2267754
1947.90   0.0264127   0.2269201
1947.95   0.0265445   0.2270660
1948.00   0.0266743   0.2272131
1948.05   0.0268023   0.2273615
1948.10   0.0269283   0.2275110
1948.15   0.0270523   0.2276617
1948.20   0.0271742   0.2278137
1948.25   0.0272941   0.2279668
1948.30   0.0274119   0.2281212
1948.35   0.0275275   0.2282768
1948.40   0.0276410   0.2284336
1948.45   0.0277523   0.2285916
1948.50   0.0278613   0.2287508
1948.55   0.0279681   0.2289112
1948.60   0.0280727   0.2290729
1948.65   0.0281749   0.2292359
1948.70   0.0282748   0.2294000
1948.75   0.0283724   0.2295655
1948.80   0.0284676   0.2297322
1948.85   0.0285605   0.2299002
1948.90   0.0286510   0.2300695
1948.95   0.0287390   0.2302401
1949.00   0.0288247   0.2304120
1949.05   0.0289079   0.2305852
1949.10   0.0289887   0.2307598
1949.15   0.0290671   0.2309357
1949.20   0.0291430   0.2311130
1949.25   0.0292165   0.2312917
1949.30   0.0292875   0.2314718
1949.35   0.0293561   0.2316533
1949.40   0.0294223   0.2318363
1949.45   0.0294860   0.2320207
1949.50   0.0295472   0.2322066
1949.55   0.0296061   0.2323940
1949.60   0.0296625   0.2325828
1949.65   0.0297165   0.2327733
1949.70   0.0297681   0.2329652
1949.75   0.0298173   0.2331588
1949.80   0.0298641   0.2333539
1949.85   0.0299085   0.2335506
1949.90   0.0299506   0.2337490
1949.95   0.0299904   0.2339490
1950.00   0.0300278   0.2341506
1950.05   0.0300629   0.2343540
1950.10   0.0300958   0.2345590
1950.15   0.0301264   0.2347657
1950.20   0.0301547   0.2349742
1950.25   0.0301809   0.2351845
1950.30   0.0302048   0.2353965
1950.35   0.0302266   0.2356102
1950.40   0.0302462   0.2358258
1950.45   0.0302637   0.2360432
1950.50   0.0302791   0.2362624
1950.55   0.0302925   0.2364835
1950.60   0.0303038   0.2367064
1950.65   0.0303131   0.2369311
1950.70   0.0303205   0.2371578
1950.75   0.0303259   0.2373863
1950.80   0.0303293   0.2376167
1950.85   0.0303309   0.2378490
1950.90   0.0303307   0.2380832
1950.95   0.0303286   0.2383193
1951.00   0.0303247   0.2385573
1951.05   0.0303190   0.2387973
1951.10   0.0303117   0.2390391
1951.15   0.0303026   0.2392829
1951.20   0.0302919   0.2395285
1951.25   0.0302795   0.2397761
1951.30   0.0302656   0.2400255
1951.35   0.0302500   0.2402769
1951.40   0.0302330   0.2405301
1951.45   0.0302144   0.2407851
1951.50   0.0301944   0.2410421
1951.55   0.0301729   0.2413009
1951.60   0.0301500   0.2415614
1951.65   0.0301258   0.2418238
1951.70   0.0301002   0.2420880
1951.75   0.0300732   0.2423539
1951.80   0.0300450   0.2426216
1951.85   0.0300156   0.2428909
1951.90   0.0299849   0.2431620
1951.95   0.0299530   0.2434347
1952.00   0.0299200   0.2437090
1952.05   0.0298858   0.2439848
1952.10   0.0298505   0.2442622
1952.15   0.0298142   0.2445411
1952.20   0.0297767   0.2448215
1952.25   0.0297382   0.2451032
1952.30   0.0296988   0.2453863
1952.35   0.0296583   0.2456708
1952.40   0.0296169   0.2459564
1952.45   0.0295745   0.2462433
1952.50   0.0295312   0.2465314
1952.55   0.0294870   0.2468205
1952.60   0.0294420   0.2471106
1952.65   0.0293961   0.2474018
1952.70   0.0293493   0.2476938
1952.75   0.0293017   0.2479866
1952.80   0.0292534   0.2482803
1952.85   0.0292042   0.2485746
1952.90   0.0291543   0.2488695
1952.95   0.0291036   0.2491649
1953.00   0.0290521   0.2494609
1953.05   0.0289999   0.2497572
1953.10   0.0289470   0.2500538
1953.15   0.0288934   0.2503506
1953.20   0.0288391   0.2506475
1953.25   0.0287841   0.2509444
1953.30   0.0287284   0.2512413
1953.35   0.0286721   0.2515381
1953.40   0.0286150   0.2518346
1953.45   0.0285573   0.2521307
1953.50   0.0284990   0.2524264
1953.55   0.0284399   0.2527216
1953.60   0.0283803   0.2530161
1953.65   0.0283199   0.2533098
1953.70   0.0282589   0.2536027
1953.75   0.0281973   0.2538947
1953.80   0.0281350   0.2541855
1953.85   0.0280721   0.2544752
1953.90   0.0280084   0.2547635
1953.95   0.0279442   0.2550505
1954.00   0.0278792   0.2553359
1954.05   0.0278136   0.2556197
1954.10   0.0277473   0.2559017
1954.15   0.0276804   0.2561819
1954.20   0.0276127   0.2564600
1954.25   0.0275443   0.2567361
1954.30   0.0274753   0.2570098
1954.35   0.0274055   0.2572813
1954.40   0.0273350   0.2575502
1954.45   0.0272637   0.2578166
1954.50   0.0271917   0.2580802
1954.55   0.0271190   0.2583409
1954.60   0.0270454   0.2585987
1954.65   0.0269711   0.2588534
1954.70   0.0268960   0.2591048
1954.75   0.0268201   0.2593529
1954.80   0.0267433   0.2595976
1954.85   0.0266657   0.2598386
1954.90   0.0265872   0.2600759
1954.95   0.0265079   0.2603093
1955.00   0.0264277   0.2605387
1955.05   0.0263465   0.2607641
1955.10   0.0262645   0.2609852
1955.15   0.0261815   0.2612020
1955.20   0.0260975   0.2614143
1955.25   0.0260126   0.2616220
1955.30   0.0259267   0.2618250
1955.35   0.0258397   0.2620232
1955.40   0.0257518   0.2622164
1955.45   0.0256627   0.2624045
1955.50   0.0255727   0.2625875
1955.55   0.0254815   0.2627652
1955.60   0.0253892   0.2629374
1955.65   0.0252958   0.2631041
1955.70   0.0252013   0.2632652
1955.75   0.0251056   0.2634205
1955.80   0.0250087   0.2635699
1955.85   0.0249106   0.2637134
1955.90   0.0248113   0.2638509
1955.95   0.0247107   0.2639821
1956.00   0.0246089   0.2641071
1956.05   0.0245059   0.2642257
1956.10   0.0244015   0.2643379
1956.15   0.0242958   0.2644435
1956.20   0.0241889   0.2645424
1956.25   0.0240805   0.2646347
1956.30   0.0239708   0.2647201
1956.35   0.0238597   0.2647986
1956.40   0.0237473   0.2648701
1956.45   0.0236334   0.2649345
1956.50   0.0235181   0.2649918
1956.55   0.0234014   0.2650419
1956.60   0.0232832   0.2650847
1956.65   0.0231635   0.2651202
1956.70   0.0230423   0.2651482
1956.75   0.0229197   0.2651688
1956.80   0.0227955   0.2651819
1956.85   0.0226699   0.2651874
1956.90   0.0225427   0.2651852
1956.95   0.0224139   0.2651754
1957.00   0.0222836   0.2651578
1957.05   0.0221517   0.2651325
1957.10   0.0220183   0.2650994
1957.15   0.0218833   0.2650584
1957.20   0.0217466   0.2650096
1957.25   0.0216084   0.2649529
1957.30   0.0214686   0.2648882
1957.35   0.0213272   0.2648157
1957.40   0.0211841   0.2647352
1957.45   0.0210395   0.2646467
1957.50   0.0208932   0.2645503
1957.55   0.0207453   0.2644459
1957.60   0.0205957   0.2643336
1957.65   0.0204446   0.2642132
1957.70   0.0202918   0.2640850
1957.75   0.0201374   0.2639487
1957.80   0.0199813   0.2638046
1957.85   0.0198236   0.2636525
1957.90   0.0196643   0.2634925
1957.95   0.0195034   0.2633247
1958.00   0.0193409   0.2631490
1958.05   0.0191768   0.2629655
1958.10   0.0190111   0.2627743
1958.15   0.0188437   0.2625753
1958.20   0.0186748   0.2623687
1958.25   0.0185044   0.2621544
1958.30   0.0183323   0.2619326
1958.35   0.0181587   0.2617032
1958.40   0.0179836   0.2614664
1958.45   0.0178070   0.2612222
1958.50   0.0176288   0.2609707
1958.55   0.0174491   0.2607119
1958.60   0.0172680   0.2604459
1958.65   0.0170854   0.2601728
1958.70   0.0169013   0.2598927
1958.75   0.0167159   0.2596057
1958.80   0.0165290   0.2593118
1958.85   0.0163407   0.2590112
1958.90   0.0161511   0.2587039
1958.95   0.0159601   0.2583900
1959.00   0.0157678   0.2580697
1959.05   0.0155743   0.2577430
1959.10   0.0153794   0.2574100
1959.15   0.0151833   0.2570709
1959.20   0.0149861   0.2567258
1959.25   0.0147876   0.2563748
1959.30   0.0145879   0.2560180
1959.35   0.0143872   0.2556554
1959.40   0.0141854   0.2552874
1959.45   0.0139824   0.2549139
1959.50   0.0137785   0.2545351
1959.55   0.0135736   0.2541512
1959.60   0.0133677   0.2537622
1959.65   0.0131609   0.2533683
1959.70   0.0129532   0.2529696
1959.75   0.0127447   0.2525663
1959.80   0.0125353   0.2521586
1959.85   0.0123252   0.2517465
1959.90   0.0121143   0.2513302
1959.95   0.0119028   0.2509098
1960.00   0.0116906   0.2504856
1960.05   0.0114777   0.2500576
1960.10   0.0112643   0.2496259
1960.15   0.0110504   0.2491909
1960.20   0.0108360   0.2487525
1960.25   0.0106212   0.2483110
1960.30   0.0104059   0.2478665
1960.35   0.0101904   0.2474192
1960.40   0.0099745   0.2469692
1960.45   0.0097583   0.2465166
1960.50   0.0095420   0.2460617
1960.55   0.0093255   0.2456046
1960.60   0.0091088   0.2451455
1960.65   0.0088922   0.2446844
1960.70   0.0086754   0.2442216
1960.75   0.0084588   0.2437573
1960.80   0.0082422   0.2432915
1960.85   0.0080257   0.2428245
1960.90   0.0078094   0.2423564
1960.95   0.0075934   0.2418873
1961.00   0.0073776   0.2414174
1961.05   0.0071621   0.2409470
1961.10   0.0069471   0.2404760
1961.15   0.0067325   0.2400048
1961.20   0.0065183   0.2395334
1961.25   0.0063047   0.2390620
1961.30   0.0060917   0.2385907
1961.35   0.0058794   0.2381197
1961.40   0.0056677   0.2376492
1961.45   0.0054567   0.2371793
1961.50   0.0052466   0.2367102
1961.55   0.0050373   0.2362419
1961.60   0.0048289   0.2357747
1961.65   0.0046214   0.2353087
1961.70   0.0044150   0.2348440
1961.75   0.0042096   0.2343808
1961.80   0.0040053   0.2339192
1961.85   0.0038021   0.2334594
1961.90   0.0036001   0.2330015
1961.95   0.0033994   0.2325455
1962.00   0.0032000   0.2320918
1962.05   0.0030019   0.2316403
1962.10   0.0028052   0.2311912
1962.15   0.0026100   0.2307447
1962.20   0.0024162   0.2303008
1962.25   0.0022240   0.2298597
1962.30   0.0020333   0.2294215
1962.35   0.0018443   0.2289864
1962.40   0.0016569   0.2285544
1962.45   0.0014713   0.2281256
1962.50   0.0012874   0.2277002
1962.55   0.0011053   0.2272782
1962.60   0.0009251   0.2268599
1962.65   0.0007467   0.2264452
1962.70   0.0005703   0.2260342
1962.75   0.0003958   0.2256272
1962.80   0.0002233   0.2252241
1962.85   0.0000529   0.2248250
1962.90  -0.0001154   0.2244302
1962.95  -0.0002817   0.2240395
1963.00  -0.0004457   0.2236532
1963.05  -0.0006076   0.2232712
1963.10  -0.0007673   0.2228938
1963.15  -0.0009248   0.2225209
1963.20  -0.0010799   0.2221526
1963.25  -0.0012327   0.2217891
1963.30  -0.0013832   0.2214303
1963.35  -0.0015313   0.2210763
1963.40  -0.0016770   0.2207272
1963.45  -0.0018203   0.2203831
1963.50  -0.0019612   0.2200440
1963.55  -0.0020995   0.2197100
1963.60  -0.0022354   0.2193810
1963.65  -0.0023687   0.2190573
1963.70  -0.0024995   0.2187388
1963.75  -0.0026277   0.2184255
1963.80  -0.0027533   0.2181175
1963.85  -0.0028763   0.2178149
1963.90  -0.0029967   0.2175176
1963.95  -0.0031145   0.2172258
1964.00  -0.0032296   0.2169394
1964.05  -0.0033420   0.2166584
1964.10  -0.0034518   0.2163830
1964.15  -0.0035589   0.2161131
1964.20  -0.0036633   0.2158487
1964.25  -0.0037649   0.2155899
1964.30  -0.0038639   0.2153366
1964.35  -0.0039601   0.2150890
1964.40  -0.0040535   0.2148469
1964.45  -0.0041443   0.2146105
1964.50  -0.0042323   0.2143797
1964.55  -0.0043175   0.2141545
1964.60  -0.0044000   0.2139350
1964.65  -0.0044797   0.2137211
1964.70  -0.0045567   0.2135128
1964.75  -0.0046309   0.2133101
1964.80  -0.0047024   0.2131131
1964.85  -0.0047711   0.2129217
1964.90  -0.0048371   0.2127359
1964.95  -0.0049004   0.2125557
1965.00  -0.0049609   0.2123811
1965.05  -0.0050186   0.2122120
1965.10  -0.0050737   0.2120486
1965.15  -0.0051260   0.2118906
1965.20  -0.0051756   0.2117382
1965.25  -0.0052226   0.2115913
1965.30  -0.0052668   0.2114499
1965.35  -0.0053083   0.2113139
1965.40  -0.0053472   0.2111833
1965.45  -0.0053834   0.2110582
1965.50  -0.0054170   0.2109384
1965.55  -0.0054480   0.2108240
1965.60  -0.0054763   0.2107149
1965.65  -0.0055020   0.2106111
1965.70  -0.0055252   0.2105126
1965.75  -0.0055457   0.2104192
1965.80  -0.0055638   0.2103311
1965.85  -0.0055792   0.2102481
1965.90  -0.0055922   0.2101702
1965.95  -0.0056026   0.2100974
1966.00  -0.0056106   0.2100296
1966.05  -0.0056161   0.2099668
1966.10  -0.0056191   0.2099090
1966.15  -0.0056197   0.2098561
1966.20  -0.0056179   0.2098080
1966.25  -0.0056137   0.2097648
1966.30  -0.0056071   0.2097264
1966.35  -0.0055981   0.2096927
1966.40  -0.0055869   0.2096637
1966.45  -0.0055733   0.2096393
1966.50  -0.0055574   0.2096196
1966.55  -0.0055393   0.2096044
1966.60  -0.0055188   0.2095937
1966.65  -0.0054962   0.2095875
1966.70  -0.0054714   0.2095857
1966.75  -0.0054443   0.2095883
1966.80  -0.0054151   0.2095952
1966.85  -0.0053838   0.2096063
1966.90  -0.0053503   0.2096217
1966.95  -0.0053147   0.2096412
1967.00  -0.0052771   0.2096648
1967.05  -0.0052373   0.2096926
1967.10  -0.0051956   0.2097243
1967.15  -0.0051518   0.2097600
1967.20  -0.0051060   0.2097996
1967.25  -0.0050582   0.2098431
1967.30  -0.0050085   0.2098904
1967.35  -0.0049569   0.2099415
1967.40  -0.0049033   0.2099963
1967.45  -0.0048478   0.2100547
1967.50  -0.0047905   0.2101168
1967.55  -0.0047313   0.2101825
1967.60  -0.0046703   0.2102516
1967.65  -0.0046074   0.2103242
1967.70  -0.0045428   0.2104003
1967.75  -0.0044764   0.2104797
1967.80  -0.0044082   0.2105624
1967.85  -0.0043383   0.2106484
1967.90  -0.0042667   0.2107376
1967.95  -0.0041934   0.2108300
1968.00  -0.0041184   0.2109255
1968.05  -0.0040417   0.2110241
1968.10  -0.0039634   0.2111257
1968.15  -0.0038835   0.2112303
1968.20  -0.0038019   0.2113379
1968.25  -0.0037188   0.2114483
1968.30  -0.0036341   0.2115615
1968.35  -0.0035478   0.2116776
1968.40  -0.0034600   0.2117964
1968.45  -0.0033707   0.2119179
1968.50  -0.0032799   0.2120421
1968.55  -0.0031876   0.2121689
1968.60  -0.0030938   0.2122983
1968.65  -0.0029986   0.2124302
1968.70  -0.0029019   0.2125646
1968.75  -0.0028039   0.2127015
1968.80  -0.0027044   0.2128408
1968.85  -0.0026035   0.2129824
1968.90  -0.0025013   0.2131264
1968.95  -0.0023977   0.2132726
1969.00  -0.0022928   0.2134212
1969.05  -0.0021865   0.2135719
1969.10  -0.0020789   0.2137248
1969.15  -0.0019701   0.2138799
1969.20  -0.0018600   0.2140370
1969.25  -0.0017486   0.2141963
1969.30  -0.0016359   0.2143575
1969.35  -0.0015221   0.2145208
1969.40  -0.0014070   0.2146861
1969.45  -0.0012907   0.2148532
1969.50  -0.0011733   0.2150223
1969.55  -0.0010547   0.2151933
1969.60  -0.0009349   0.2153661
1969.65  -0.0008141   0.2155407
1969.70  -0.0006921   0.2157171
1969.75  -0.0005690   0.2158953
1969.80  -0.0004448   0.2160752
1969.85  -0.0003195   0.2162568
1969.90  -0.0001932   0.2164400
1969.95  -0.0000659   0.2166249
1970.00   0.0000624   0.2168115
1970.05   0.0001917   0.2169996
1970.10   0.0003220   0.2171894
1970.15   0.0004533   0.2173807
1970.20   0.0005855   0.2175735
1970.25   0.0007187   0.2177678
1970.30   0.0008527   0.2179636
1970.35   0.0009876   0.2181609
1970.40   0.0011234   0.2183597
1970.45   0.0012601   0.2185598
1970.50   0.0013976   0.2187614
1970.55   0.0015358   0.2189644
1970.60   0.0016749   0.2191688
1970.65   0.0018148   0.2193746
1970.70   0.0019554   0.2195817
1970.75   0.0020967   0.2197901
1970.80   0.0022388   0.2199999
1970.85   0.0023815   0.2202109
1970.90   0.0025249   0.2204233
1970.95   0.0026690   0.2206369
1971.00   0.0028137   0.2208518
1971.05   0.0029590   0.2210680
1971.10   0.0031048   0.2212855
1971.15   0.0032513   0.2215041
1971.20   0.0033983   0.2217240
1971.25   0.0035457   0.2219452
1971.30   0.0036937   0.2221675
1971.35   0.0038422   0.2223910
1971.40   0.0039911   0.2226158
1971.45   0.0041404   0.2228417
1971.50   0.0042901   0.2230688
1971.55   0.0044402   0.2232971
1971.60   0.0045907   0.2235266
1971.65   0.0047415   0.2237572
1971.70   0.0048926   0.2239890
1971.75   0.0050439   0.2242219
1971.80   0.0051956   0.2244560
1971.85   0.0053474   0.2246913
1971.90   0.0054995   0.2249277
1971.95   0.0056517   0.2251652
1972.00   0.0058042   0.2254038
1972.05   0.0059567   0.2256436
1972.10   0.0061094   0.2258846
1972.15   0.0062621   0.2261266
1972.20   0.0064149   0.2263698
1972.25   0.0065677   0.2266141
1972.30   0.0067206   0.2268595
1972.35   0.0068734   0.2271061
1972.40   0.0070262   0.2273537
1972.45   0.0071789   0.2276025
1972.50   0.0073316   0.2278524
1972.55   0.0074841   0.2281033
1972.60   0.0076365   0.2283554
1972.65   0.0077888   0.2286086
1972.70   0.0079408   0.2288630
1972.75   0.0080927   0.2291184
1972.80   0.0082443   0.2293749
1972.85   0.0083957   0.2296325
1972.90   0.0085468   0.2298912
1972.95   0.0086977   0.2301510
1973.00   0.0088482   0.2304119
1973.05   0.0089983   0.2306739
1973.10   0.0091481   0.2309370
1973.15   0.0092975   0.2312012
1973.20   0.0094466   0.2314665
1973.25   0.0095952   0.2317328
1973.30   0.0097433   0.2320002
1973.35   0.0098910   0.2322687
1973.40   0.0100382   0.2325383
1973.45   0.0101849   0.2328089
1973.50   0.0103311   0.2330806
1973.55   0.0104768   0.2333533
1973.60   0.0106219   0.2336271
1973.65   0.0107664   0.2339020
1973.70   0.0109104   0.2341779
1973.75   0.0110538   0.2344548
1973.80   0.0111965   0.2347328
1973.85   0.0113386   0.2350118
1973.90   0.0114801   0.2352918
1973.95   0.0116209   0.2355728
1974.00   0.0117611   0.2358549
1974.05   0.0119005   0.2361379
1974.10   0.0120393   0.2364219
1974.15   0.0121774   0.2367069
1974.20   0.0123148   0.2369929
1974.25   0.0124514   0.2372799
1974.30   0.0125873   0.2375678
1974.35   0.0127225   0.2378566
1974.40   0.0128569   0.2381464
1974.45   0.0129906   0.2384371
1974.50   0.0131235   0.2387287
1974.55   0.0132557   0.2390212
1974.60   0.0133870   0.2393146
1974.65   0.0135176   0.2396088
1974.70   0.0136475   0.2399039
1974.75   0.0137765   0.2401999
1974.80   0.0139048   0.2404967
1974.85   0.0140323   0.2407943
1974.90   0.0141590   0.2410928
1974.95   0.0142849   0.2413920
1975.00   0.0144100   0.2416919
1975.05   0.0145344   0.2419927
1975.10   0.0146580   0.2422942
1975.15   0.0147808   0.2425964
1975.20   0.0149028   0.2428993
1975.25   0.0150241   0.2432028
1975.30   0.0151446   0.2435071
1975.35   0.0152643   0.2438120
1975.40   0.0153833   0.2441175
1975.45   0.0155016   0.2444237
1975.50   0.0156191   0.2447304
1975.55   0.0157359   0.2450377
1975.60   0.0158520   0.2453455
1975.65   0.0159673   0.2456539
1975.70   0.0160820   0.2459628
1975.75   0.0161959   0.2462721
1975.80   0.0163092   0.2465819
1975.85   0.0164218   0.2468922
1975.90   0.0165338   0.2472028
1975.95   0.0166451   0.2475139
1976.00   0.0167558   0.2478253
1976.05   0.0168658   0.2481371
1976.10   0.0169753   0.2484491
1976.15   0.0170842   0.2487615
1976.20   0.0171925   0.2490741
1976.25   0.0173002   0.2493870
1976.30   0.0174074   0.2497000
1976.35   0.0175141   0.2500133
1976.40   0.0176202   0.2503267
1976.45   0.0177259   0.2506403
1976.50   0.0178311   0.2509539
1976.55   0.0179358   0.2512676
1976.60   0.0180401   0.2515814
1976.65   0.0181440   0.2518952
1976.70   0.0182474   0.2522091
1976.75   0.0183505   0.2525228
1976.80   0.0184532   0.2528365
1976.85   0.0185556   0.2531502
1976.90   0.0186576   0.2534637
1976.95   0.0187594   0.2537770
1977.00   0.0188608   0.2540902
1977.05   0.0189619   0.2544032
1977.10   0.0190629   0.2547159
1977.15   0.0191635   0.2550284
1977.20   0.0192640   0.2553406
1977.25   0.0193643   0.2556524
1977.30   0.0194644   0.2559639
1977.35   0.0195644   0.2562751
1977.40   0.0196642   0.2565858
1977.45   0.0197639   0.2568960
1977.50   0.0198635   0.2572058
1977.55   0.0199631   0.2575151
1977.60   0.0200626   0.2578239
1977.65   0.0201621   0.2581321
1977.70   0.0202615   0.2584397
1977.75   0.0203610   0.2587467
1977.80   0.0204604   0.2590530
1977.85   0.0205600   0.2593587
1977.90   0.0206596   0.2596636
1977.95   0.0207592   0.2599679
1978.00   0.0208590   0.2602713
1978.05   0.0209589   0.2605740
1978.10   0.0210589   0.2608758
1978.15   0.0211591   0.2611768
1978.20   0.0212594   0.2614769
1978.25   0.0213599   0.2617760
1978.30   0.0214606   0.2620743
1978.35   0.0215616   0.2623716
1978.40   0.0216628   0.2626678
1978.45   0.0217642   0.2629631
1978.50   0.0218659   0.2632573
1978.55   0.0219678   0.2635504
1978.60   0.0220701   0.2638425
1978.65   0.0221726   0.2641334
1978.70   0.0222755   0.2644231
1978.75   0.0223787   0.2647117
1978.80   0.0224823   0.2649991
1978.85   0.0225862   0.2652852
1978.90   0.0226904   0.2655701
1978.95   0.0227951   0.2658537
1979.00   0.0229001   0.2661360
1979.05   0.0230055   0.2664170
1979.10   0.0231113   0.2666967
1979.15   0.0232176   0.2669749
1979.20   0.0233242   0.2672518
1979.25   0.0234313   0.2675273
1979.30   0.0235388   0.2678013
1979.35   0.0236468   0.2680739
1979.40   0.0237552   0.2683450
1979.45   0.0238641   0.2686146
1979.50   0.0239734   0.2688827
1979.55   0.0240832   0.2691493
1979.60   0.0241935   0.2694143
1979.65   0.0243042   0.2696778
1979.70   0.0244154   0.2699397
1979.75   0.0245270   0.2702000
1979.80   0.0246392   0.2704587
1979.85   0.0247518   0.2707157
1979.90   0.0248648   0.2709711
1979.95   0.0249784   0.2712249
1980.00   0.0250924   0.2714770
1980.05   0.0252069   0.2717275
1980.10   0.0253219   0.2719762
1980.15   0.0254373   0.2722233
1980.20   0.0255532   0.2724686
1980.25   0.0256695   0.2727123
1980.30   0.0257863   0.2729542
1980.35   0.0259036   0.2731944
1980.40   0.0260213   0.2734328
1980.45   0.0261394   0.2736696
1980.50   0.0262579   0.2739045
1980.55   0.0263769   0.2741378
1980.60   0.0264963   0.2743692
1980.65   0.0266161   0.2745990
1980.70   0.0267362   0.2748269
1980.75   0.0268568   0.2750532
1980.80   0.0269777   0.2752776
1980.85   0.0270990   0.2755003
1980.90   0.0272207   0.2757213
1980.95   0.0273427   0.2759405
1981.00   0.0274650   0.2761579
1981.05   0.0275877   0.2763736
1981.10   0.0277107   0.2765876
1981.15   0.0278339   0.2767999
1981.20   0.0279574   0.2770104
1981.25   0.0280812   0.2772192
1981.30   0.0282053   0.2774263
1981.35   0.0283296   0.2776317
1981.40   0.0284541   0.2778354
1981.45   0.0285788   0.2780375
1981.50   0.0287037   0.2782379
1981.55   0.0288287   0.2784366
1981.60   0.0289540   0.2786337
1981.65   0.0290793   0.2788292
1981.70   0.0292048   0.2790230
1981.75   0.0293304   0.2792153
1981.80   0.0294561   0.2794060
1981.85   0.0295818   0.2795952
1981.90   0.0297076   0.2797828
1981.95   0.0298334   0.2799689
1982.00   0.0299593   0.2801536
1982.05   0.0300851   0.2803367
1982.10   0.0302109   0.2805184
1982.15   0.0303367   0.2806987
1982.20   0.0304624   0.2808775
1982.25   0.0305880   0.2810550
1982.30   0.0307135   0.2812311
1982.35   0.0308389   0.2814059
1982.40   0.0309641   0.2815794
1982.45   0.0310892   0.2817516
1982.50   0.0312141   0.2819226
1982.55   0.0313388   0.2820924
1982.60   0.0314632   0.2822609
1982.65   0.0315874   0.2824283
1982.70   0.0317114   0.2825946
1982.75   0.0318351   0.2827598
1982.80   0.0319584   0.2829239
1982.85   0.0320815   0.2830869
1982.90   0.0322042   0.2832490
1982.95   0.0323265   0.2834101
1983.00   0.0324484   0.2835703
1983.05   0.0325699   0.2837295
1983.10   0.0326910   0.2838879
1983.15   0.0328117   0.2840455
1983.20   0.0329319   0.2842022
1983.25   0.0330516   0.2843582
1983.30   0.0331707   0.2845135
1983.35   0.0332894   0.2846681
1983.40   0.0334075   0.2848220
1983.45   0.0335251   0.2849753
1983.50   0.0336420   0.2851280
1983.55   0.0337584   0.2852802
1983.60   0.0338741   0.2854319
1983.65   0.0339892   0.2855831
1983.70   0.0341037   0.2857339
1983.75   0.0342175   0.2858843
1983.80   0.0343305   0.2860343
1983.85   0.0344429   0.2861840
1983.90   0.0345545   0.2863335
1983.95   0.0346654   0.2864827
1984.00   0.0347755   0.2866317
1984.05   0.0348849   0.2867805
1984.10   0.0349934   0.2869292
1984.15   0.0351011   0.2870779
1984.20   0.0352080   0.2872264
1984.25   0.0353141   0.2873750
1984.30   0.0354193   0.2875236
1984.35   0.0355236   0.2876722
1984.40   0.0356271   0.2878210
1984.45   0.0357296   0.2879699
1984.50   0.0358313   0.2881189
1984.55   0.0359320   0.2882682
1984.60   0.0360317   0.2884177
1984.65   0.0361306   0.2885675
1984.70   0.0362284   0.2887176
1984.75   0.0363253   0.2888680
1984.80   0.0364211   0.2890188
1984.85   0.0365160   0.2891701
1984.90   0.0366099   0.2893218
1984.95   0.0367027   0.2894740
1985.00   0.0367945   0.2896266
1985.05   0.0368853   0.2897799
1985.10   0.0369750   0.2899337
1985.15   0.0370637   0.2900881
1985.20   0.0371513   0.2902432
1985.25   0.0372378   0.2903989
1985.30   0.0373232   0.2905554
1985.35   0.0374075   0.2907125
1985.40   0.0374907   0.2908704
1985.45   0.0375729   0.2910291
1985.50   0.0376539   0.2911886
1985.55   0.0377338   0.2913489
1985.60   0.0378125   0.2915101
1985.65   0.0378901   0.2916722
1985.70   0.0379666   0.2918351
1985.75   0.0380420   0.2919990
1985.80   0.0381162   0.2921638
1985.85   0.0381892   0.2923296
1985.90   0.0382611   0.2924964
1985.95   0.0383319   0.2926641
1986.00   0.0384014   0.2928329
1986.05   0.0384699   0.2930028
1986.10   0.0385371   0.2931737
1986.15   0.0386032   0.2933456
1986.20   0.0386681   0.2935187
1986.25   0.0387318   0.2936928
1986.30   0.0387944   0.2938681
1986.35   0.0388558   0.2940444
1986.40   0.0389160   0.2942219
1986.45   0.0389751   0.2944006
1986.50   0.0390329   0.2945804
1986.55   0.0390896   0.2947614
1986.60   0.0391452   0.2949435
1986.65   0.0391995   0.2951268
1986.70   0.0392527   0.2953113
1986.75   0.0393047   0.2954970
1986.80   0.0393555   0.2956839
1986.85   0.0394052   0.2958719
1986.90   0.0394537   0.2960612
1986.95   0.0395011   0.2962516
1987.00   0.0395473   0.2964432
1987.05   0.0395923   0.2966361
1987.10   0.0396362   0.2968301
1987.15   0.0396789   0.2970253
1987.20   0.0397205   0.2972217
1987.25   0.0397609   0.2974193
1987.30   0.0398002   0.2976180
1987.35   0.0398384   0.2978179
1987.40   0.0398754   0.2980190
1987.45   0.0399114   0.2982212
1987.50   0.0399461   0.2984246
1987.55   0.0399798   0.2986291
1987.60   0.0400124   0.2988348
1987.65   0.0400438   0.2990415
1987.70   0.0400742   0.2992494
1987.75   0.0401035   0.2994583
1987.80   0.0401316   0.2996683
1987.85   0.0401587   0.2998794
1987.90   0.0401847   0.3000915
1987.95   0.0402097   0.3003047
1988.00   0.0402336   0.3005188
1988.05   0.0402564   0.3007340
1988.10   0.0402782   0.3009502
1988.15   0.0402989   0.3011673
1988.20   0.0403186   0.3013853
1988.25   0.0403372   0.3016043
1988.30   0.0403549   0.3018241
1988.35   0.0403715   0.3020449
1988.40   0.0403871   0.3022664
1988.45   0.0404018   0.3024889
1988.50   0.0404154   0.3027121
1988.55   0.0404280   0.3029362
1988.60   0.0404397   0.3031609
1988.65   0.0404504   0.3033865
1988.70   0.0404601   0.3036127
1988.75   0.0404689   0.3038397
1988.80   0.0404768   0.3040673
1988.85   0.0404837   0.3042955
1988.90   0.0404897   0.3045244
1988.95   0.0404947   0.3047538
1989.00   0.0404989   0.3049838
1989.05   0.0405022   0.3052143
1989.10   0.0405046   0.3054453
1989.15   0.0405061   0.3056768
1989.20   0.0405067   0.3059087
1989.25   0.0405065   0.3061411
1989.30   0.0405054   0.3063738
1989.35   0.0405035   0.3066069
1989.40   0.0405008   0.3068403
1989.45   0.0404972   0.3070740
1989.50   0.0404929   0.3073079
1989.55   0.0404877   0.3075421
1989.60   0.0404818   0.3077765
1989.65   0.0404750   0.3080110
1989.70   0.0404676   0.3082457
1989.75   0.0404593   0.3084805
1989.80   0.0404503   0.3087154
1989.85   0.0404406   0.3089503
1989.90   0.0404302   0.3091852
1989.95   0.0404191   0.3094201
1990.00   0.0404073   0.3096550
1990.05   0.0403947   0.3098898
1990.10   0.0403816   0.3101244
1990.15   0.0403677   0.3103590
1990.20   0.0403532   0.3105933
1990.25   0.0403381   0.3108274
1990.30   0.0403224   0.3110613
1990.35   0.0403060   0.3112949
1990.40   0.0402891   0.3115282
1990.45   0.0402716   0.3117612
1990.50   0.0402535   0.3119938
1990.55   0.0402349   0.3122260
1990.60   0.0402157   0.3124578
1990.65   0.0401960   0.3126891
1990.70   0.0401758   0.3129200
1990.75   0.0401551   0.3131503
1990.80   0.0401339   0.3133801
1990.85   0.0401123   0.3136093
1990.90   0.0400902   0.3138378
1990.95   0.0400676   0.3140658
1991.00   0.0400447   0.3142931
1991.05   0.0400213   0.3145196
1991.10   0.0399975   0.3147455
1991.15   0.0399734   0.3149706
1991.20   0.0399489   0.3151949
1991.25   0.0399241   0.3154184
1991.30   0.0398989   0.3156411
1991.35   0.0398734   0.3158629
1991.40   0.0398477   0.3160838
1991.45   0.0398216   0.3163038
1991.50   0.0397953   0.3165229
1991.55   0.0397688   0.3167410
1991.60   0.0397420   0.3169581
1991.65   0.0397150   0.3171741
1991.70   0.0396878   0.3173892
1991.75   0.0396605   0.3176032
1991.80   0.0396330   0.3178161
1991.85   0.0396053   0.3180278
1991.90   0.0395776   0.3182385
1991.95   0.0395497   0.3184480
1992.00   0.0395217   0.3186563
1992.05   0.0394937   0.3188634
1992.10   0.0394656   0.3190693
1992.15   0.0394375   0.3192739
1992.20   0.0394094   0.3194773
1992.25   0.0393813   0.3196795
1992.30   0.0393532   0.3198803
1992.35   0.0393252   0.3200798
1992.40   0.0392972   0.3202780
1992.45   0.0392693   0.3204748
1992.50   0.0392415   0.3206703
1992.55   0.0392138   0.3208644
1992.60   0.0391863   0.3210571
1992.65   0.0391589   0.3212484
1992.70   0.0391316   0.3214383
1992.75   0.0391046   0.3216267
1992.80   0.0390778   0.3218137
1992.85   0.0390512   0.3219992
1992.90   0.0390249   0.3221832
1992.95   0.0389988   0.3223658
1993.00   0.0389731   0.3225469
1993.05   0.0389476   0.3227264
1993.10   0.0389224   0.3229045
1993.15   0.0388976   0.3230810
1993.20   0.0388732   0.3232560
1993.25   0.0388492   0.3234294
1993.30   0.0388255   0.3236013
1993.35   0.0388023   0.3237717
1993.40   0.0387795   0.3239405
1993.45   0.0387571   0.3241077
1993.50   0.0387352   0.3242734
1993.55   0.0387138   0.3244375
1993.60   0.0386930   0.3246000
1993.65   0.0386726   0.3247609
1993.70   0.0386528   0.3249203
1993.75   0.0386336   0.3250781
1993.80   0.0386149   0.3252343
1993.85   0.0385968   0.3253889
1993.90   0.0385793   0.3255419
1993.95   0.0385625   0.3256934
1994.00   0.0385463   0.3258433
1994.05   0.0385308   0.3259916
1994.10   0.0385159   0.3261383
1994.15   0.0385018   0.3262835
1994.20   0.0384883   0.3264271
1994.25   0.0384756   0.3265691
1994.30   0.0384636   0.3267096
1994.35   0.0384524   0.3268485
1994.40   0.0384419   0.3269859
1994.45   0.0384322   0.3271218
1994.50   0.0384233   0.3272561
1994.55   0.0384153   0.3273889
1994.60   0.0384080   0.3275202
1994.65   0.0384016   0.3276500
1994.70   0.0383960   0.3277783
1994.75   0.0383914   0.3279051
1994.80   0.0383875   0.3280304
1994.85   0.0383846   0.3281543
1994.90   0.0383826   0.3282768
1994.95   0.0383815   0.3283978
1995.00   0.0383813   0.3285173
1995.05   0.0383820   0.3286355
1995.10   0.0383837   0.3287523
1995.15   0.0383864   0.3288677
1995.20   0.0383900   0.3289817
1995.25   0.0383946   0.3290943
1995.30   0.0384001   0.3292057
1995.35   0.0384067   0.3293157
1995.40   0.0384143   0.3294244
1995.45   0.0384228   0.3295318
1995.50   0.0384324   0.3296380
1995.55   0.0384430   0.3297429
1995.60   0.0384547   0.3298466
1995.65   0.0384674   0.3299490
1995.70   0.0384811   0.3300503
1995.75   0.0384959   0.3301504
1995.80   0.0385118   0.3302493
1995.85   0.0385287   0.3303471
1995.90   0.0385467   0.3304438
1995.95   0.0385657   0.3305394
1996.00   0.0385859   0.3306339
1996.05   0.0386071   0.3307273
1996.10   0.0386294   0.3308198
1996.15   0.0386528   0.3309112
1996.20   0.0386772   0.3310016
1996.25   0.0387028   0.3310911
1996.30   0.0387295   0.3311796
1996.35   0.0387573   0.3312672
1996.40   0.0387861   0.3313539
1996.45   0.0388161   0.3314398
1996.50   0.0388472   0.3315247
1996.55   0.0388794   0.3316089
1996.60   0.0389127   0.3316922
1996.65   0.0389470   0.3317748
1996.70   0.0389825   0.3318566
1996.75   0.0390191   0.3319377
1996.80   0.0390568   0.3320181
1996.85   0.0390956   0.3320978
1996.90   0.0391355   0.3321768
1996.95   0.0391765   0.3322552
1997.00   0.0392185   0.3323330
1997.05   0.0392617   0.3324101
1997.10   0.0393059   0.3324868
1997.15   0.0393513   0.3325629
1997.20   0.0393977   0.3326384
1997.25   0.0394452   0.3327135
1997.30   0.0394937   0.3327881
1997.35   0.0395434   0.3328622
1997.40   0.0395941   0.3329360
1997.45   0.0396458   0.3330093
1997.50   0.0396986   0.3330823
1997.55   0.0397525   0.3331549
1997.60   0.0398074   0.3332272
1997.65   0.0398633   0.3332992
1997.70   0.0399203   0.3333709
1997.75   0.0399783   0.3334423
1997.80   0.0400373   0.3335135
1997.85   0.0400973   0.3335845
1997.90   0.0401583   0.3336553
1997.95   0.0402204   0.3337259
1998.00   0.0402834   0.3337964
1998.05   0.0403474   0.3338667
1998.10   0.0404124   0.3339370
1998.15   0.0404783   0.3340071
1998.20   0.0405452   0.3340772
1998.25   0.0406131   0.3341472
1998.30   0.0406819   0.3342173
1998.35   0.0407516   0.3342873
1998.40   0.0408223   0.3343573
1998.45   0.0408938   0.3344273
1998.50   0.0409663   0.3344974
1998.55   0.0410397   0.3345676
1998.60   0.0411140   0.3346378
1998.65   0.0411892   0.3347082
1998.70   0.0412653   0.3347787
1998.75   0.0413422   0.3348493
1998.80   0.0414200   0.3349200
1998.85   0.0414986   0.3349909
1998.90   0.0415781   0.3350620
1998.95   0.0416584   0.3351333
1999.00   0.0417396   0.3352048
1999.05   0.0418215   0.3352765
1999.10   0.0419043   0.3353484
1999.15   0.0419878   0.3354206
1999.20   0.0420722   0.3354931
1999.25   0.0421573   0.3355658
1999.30   0.0422433   0.3356388
1999.35   0.0423300   0.3357121
1999.40   0.0424174   0.3357857
1999.45   0.0425056   0.3358596
1999.50   0.0425945   0.3359338
1999.55   0.0426842   0.3360083
1999.60   0.0427746   0.3360832
1999.65   0.0428657   0.3361584
1999.70   0.0429576   0.3362339
1999.75   0.0430501   0.3363098
1999.80   0.0431434   0.3363861
1999.85   0.0432373   0.3364627
1999.90   0.0433319   0.3365396
1999.95   0.0434272   0.3366170
2000.00   0.0435232   0.3366947
2000.05   0.0436198   0.3367728
2000.10   0.0437172   0.3368512
2000.15   0.0438151   0.3369300
2000.20   0.0439138   0.3370092
2000.25   0.0440130   0.3370888
2000.30   0.0441129   0.3371687
2000.35   0.0442135   0.3372490
2000.40   0.0443147   0.3373297
2000.45   0.0444165   0.3374107
2000.50   0.0445190   0.3374921
2000.55   0.0446220   0.3375739
2000.60   0.0447257   0.3376560
2000.65   0.0448301   0.3377384
2000.70   0.0449350   0.3378212
2000.75   0.0450406   0.3379043
2000.80   0.0451467   0.3379878
2000.85   0.0452535   0.3380716
2000.90   0.0453609   0.3381556
2000.95   0.0454690   0.3382400
2001.00   0.0455776   0.3383247
2001.05   0.0456868   0.3384096
2001.10   0.0457967   0.3384949
2001.15   0.0459072   0.3385803
2001.20   0.0460183   0.3386661
2001.25   0.0461300   0.3387520
2001.30   0.0462424   0.3388382
2001.35   0.0463553   0.3389246
2001.40   0.0464689   0.3390112
2001.45   0.0465832   0.3390980
2001.50   0.0466980   0.3391850
2001.55   0.0468136   0.3392721
2001.60   0.0469297   0.3393593
2001.65   0.0470465   0.3394467
2001.70   0.0471640   0.3395341
2001.75   0.0472821   0.3396217
2001.80   0.0474009   0.3397093
2001.85   0.0475203   0.3397970
2001.90   0.0476405   0.3398847
2001.95   0.0477613   0.3399724
2002.00   0.0478828   0.3400601
2002.05   0.0480050   0.3401478
2002.10   0.0481280   0.3402355
2002.15   0.0482516   0.3403231
2002.20   0.0483760   0.3404106
2002.25   0.0485011   0.3404980
2002.30   0.0486270   0.3405852
2002.35   0.0487536   0.3406724
2002.40   0.0488809   0.3407593
2002.45   0.0490091   0.3408461
2002.50   0.0491380   0.3409327
2002.55   0.0492678   0.3410190
2002.60   0.0493983   0.3411051
2002.65   0.0495297   0.3411909
2002.70   0.0496619   0.3412765
2002.75   0.0497949   0.3413617
2002.80   0.0499288   0.3414465
2002.85   0.0500635   0.3415310
2002.90   0.0501991   0.3416151
2002.95   0.0503356   0.3416988
2003.00   0.0504730   0.3417820
2003.05   0.0506114   0.3418648
2003.10   0.0507506   0.3419472
2003.15   0.0508908   0.3420290
2003.20   0.0510320   0.3421103
2003.25   0.0511741   0.3421910
2003.30   0.0513172   0.3422712
2003.35   0.0514612   0.3423508
2003.40   0.0516063   0.3424298
2003.45   0.0517524   0.3425081
2003.50   0.0518995   0.3425858
2003.55   0.0520477   0.3426628
2003.60   0.0521969   0.3427391
2003.65   0.0523472   0.3428147
2003.70   0.0524986   0.3428895
2003.75   0.0526511   0.3429636
2003.80   0.0528047   0.3430369
2003.85   0.0529594   0.3431094
2003.90   0.0531152   0.3431811
2003.95   0.0532722   0.3432519
2004.00   0.0534303   0.3433219
2004.05   0.0535896   0.3433910
2004.10   0.0537501   0.3434592
2004.15   0.0539117   0.3435265
2004.20   0.0540746   0.3435928
2004.25   0.0542387   0.3436582
2004.30   0.0544040   0.3437227
2004.35   0.0545705   0.3437861
2004.40   0.0547383   0.3438486
2004.45   0.0549073   0.3439100
2004.50   0.0550776   0.3439705
2004.55   0.0552491   0.3440299
2004.60   0.0554220   0.3440882
2004.65   0.0555961   0.3441455
2004.70   0.0557715   0.3442017
2004.75   0.0559482   0.3442568
2004.80   0.0561262   0.3443108
2004.85   0.0563055   0.3443637
2004.90   0.0564862   0.3444155
2004.95   0.0566682   0.3444662
2005.00   0.0568515   0.3445157
2005.05   0.0570361   0.3445641
2005.10   0.0572221   0.3446114
2005.15   0.0574094   0.3446575
2005.20   0.0575981   0.3447025
2005.25   0.0577881   0.3447462
2005.30   0.0579794   0.3447889
2005.35   0.0581721   0.3448303
2005.40   0.0583662   0.3448706
2005.45   0.0585616   0.3449098
2005.50   0.0587583   0.3449477
2005.55   0.0589564   0.3449845
2005.60   0.0591559   0.3450201
2005.65   0.0593567   0.3450546
2005.70   0.0595588   0.3450879
2005.75   0.0597622   0.3451200
2005.80   0.0599670   0.3451510
2005.85   0.0601731   0.3451808
2005.90   0.0603806   0.3452095
2005.95   0.0605893   0.3452371
2006.00   0.0607994   0.3452635
2006.05   0.0610107   0.3452888
2006.10   0.0612234   0.3453130
2006.15   0.0614373   0.3453361
2006.20   0.0616525   0.3453581
2006.25   0.0618690   0.3453790
2006.30   0.0620867   0.3453989
2006.35   0.0623056   0.3454177
2006.40   0.0625258   0.3454355
2006.45   0.0627472   0.3454522
2006.50   0.0629699   0.3454680
2006.55   0.0631937   0.3454828
2006.60   0.0634186   0.3454966
2006.65   0.0636448   0.3455094
2006.70   0.0638721   0.3455213
2006.75   0.0641005   0.3455323
2006.80   0.0643300   0.3455424
2006.85   0.0645607   0.3455516
2006.90   0.0647924   0.3455600
2006.95   0.0650251   0.3455675
2007.00   0.0652589   0.3455742
2007.05   0.0654938   0.3455802
2007.10   0.0657296   0.3455853
2007.15   0.0659665   0.3455898
2007.20   0.0662043   0.3455935
2007.25   0.0664430   0.3455966
2007.30   0.0666827   0.3455990
2007.35   0.0669232   0.3456008
2007.40   0.0671647   0.3456019
2007.45   0.0674070   0.3456025
2007.50   0.0676501   0.3456026
2007.55   0.0678940   0.3456021
2007.60   0.0681388   0.3456011
2007.65   0.0683843   0.3455997
2007.70   0.0686305   0.3455979
2007.75   0.0688774   0.3455957
2007.80   0.0691251   0.3455931
2007.85   0.0693734   0.3455901
2007.90   0.0696224   0.3455869
2007.95   0.0698719   0.3455834
2008.00   0.0701221   0.3455797
2008.05   0.0703728   0.3455757
2008.10   0.0706241   0.3455716
2008.15   0.0708759   0.3455674
2008.20   0.0711282   0.3455630
2008.25   0.0713809   0.3455586
2008.30   0.0716341   0.3455542
2008.35   0.0718877   0.3455497
2008.40   0.0721417   0.3455453
2008.45   0.0723960   0.3455409
2008.50   0.0726507   0.3455366
2008.55   0.0729057   0.3455325
2008.60   0.0731610   0.3455285
2008.65   0.0734166   0.3455247
2008.70   0.0736724   0.3455212
2008.75   0.0739284   0.3455179
2008.80   0.0741846   0.3455149
2008.85   0.0744409   0.3455123
2008.90   0.0746974   0.3455100
2008.95   0.0749540   0.3455081
2009.00   0.0752107   0.3455066
2009.05   0.0754674   0.3455056
2009.10   0.0757242   0.3455051
2009.15   0.0759811   0.3455051
2009.20   0.0762379   0.3455056
2009.25   0.0764947   0.3455067
2009.30   0.0767514   0.3455085
2009.35   0.0770081   0.3455109
2009.40   0.0772647   0.3455140
2009.45   0.0775212   0.3455177
2009.50   0.0777775   0.3455222
2009.55   0.0780337   0.3455275
2009.60   0.0782897   0.3455335
2009.65   0.0785456   0.3455403
2009.70   0.0788012   0.3455480
2009.75   0.0790566   0.3455565
2009.80   0.0793117   0.3455660
2009.85   0.0795666   0.3455763
2009.90   0.0798212   0.3455876
2009.95   0.0800755   0.3455998
2010.00   0.0803295   0.3456130
2010.05   0.0805832   0.3456271
2010.10   0.0808366   0.3456423
2010.15   0.0810895   0.3456586
2010.20   0.0813422   0.3456759
2010.25   0.0815944   0.3456942
2010.30   0.0818462   0.3457137
2010.35   0.0820976   0.3457342
2010.40   0.0823487   0.3457559
2010.45   0.0825992   0.3457787
2010.50   0.0828494   0.3458026
2010.55   0.0830991   0.3458277
2010.60   0.0833483   0.3458540
2010.65   0.0835971   0.3458814
2010.70   0.0838454   0.3459101
2010.75   0.0840932   0.3459399
2010.80   0.0843406   0.3459709
2010.85   0.0845874   0.3460032
2010.90   0.0848338   0.3460366
2010.95   0.0850796   0.3460713
2011.00   0.0853249   0.3461072
2011.05   0.0855697   0.3461443
2011.10   0.0858140   0.3461827
2011.15   0.0860578   0.3462223
2011.20   0.0863011   0.3462631
2011.25   0.0865438   0.3463051
2011.30   0.0867860   0.3463484
2011.35   0.0870277   0.3463929
2011.40   0.0872689   0.3464386
2011.45   0.0875095   0.3464855
2011.50   0.0877496   0.3465337
2011.55   0.0879892   0.3465830
2011.60   0.0882283   0.3466335
2011.65   0.0884669   0.3466852
2011.70   0.0887049   0.3467380
2011.75   0.0889424   0.3467921
2011.80   0.0891794   0.3468472
2011.85   0.0894159   0.3469036
2011.90   0.0896519   0.3469610
2011.95   0.0898874   0.3470195
2012.00   0.0901224   0.3470791
2012.05   0.0903570   0.3471398
2012.10   0.0905910   0.3472016
2012.15   0.0908246   0.3472644
2012.20   0.0910577   0.3473282
2012.25   0.0912903   0.3473930
2012.30   0.0915225   0.3474589
2012.35   0.0917542   0.3475256
2012.40   0.0919855   0.3475933
2012.45   0.0922164   0.3476619
2012.50   0.0924468   0.3477315
2012.55   0.0926768   0.3478018
2012.60   0.0929064   0.3478731
2012.65   0.0931357   0.3479451
2012.70   0.0933645   0.3480179
2012.75   0.0935929   0.3480915
2012.80   0.0938210   0.3481659
2012.85   0.0940487   0.3482410
2012.90   0.0942760   0.3483167
2012.95   0.0945031   0.3483931
2013.00   0.0947297   0.3484701
2013.05   0.0949561   0.3485478
2013.10   0.0951821   0.3486260
2013.15   0.0954078   0.3487047
2013.20   0.0956332   0.3487840
2013.25   0.0958584   0.3488637
2013.30   0.0960832   0.3489439
2013.35   0.0963078   0.3490245
2013.40   0.0965321   0.3491054
2013.45   0.0967562   0.3491868
2013.50   0.0969801   0.3492684
2013.55   0.0972037   0.3493504
2013.60   0.0974271   0.3494326
2013.65   0.0976502   0.3495150
2013.70   0.0978732   0.3495977
2013.75   0.0980960   0.3496805
2013.80   0.0983185   0.3497634
2013.85   0.0985410   0.3498464
2013.90   0.0987632   0.3499295
2013.95   0.0989853   0.3500127
2014.00   0.0992072   0.3500958
2014.05   0.0994290   0.3501789
2014.10   0.0996506   0.3502620
2014.15   0.0998721   0.3503450
2014.20   0.1000935   0.3504278
2014.25   0.1003147   0.3505105
2014.30   0.1005359   0.3505930
2014.35   0.1007569   0.3506753
2014.40   0.1009779   0.3507574
2014.45   0.1011987   0.3508392
2014.50   0.1014195   0.3509206
2014.55   0.1016401   0.3510018
2014.60   0.1018607   0.3510826
2014.65   0.1020812   0.3511630
2014.70   0.1023017   0.3512430
2014.75   0.1025221   0.3513226
2014.80   0.1027424   0.3514017
2014.85   0.1029626   0.3514803
2014.90   0.1031828   0.3515584
2014.95   0.1034030   0.3516359
2015.00   0.1036231   0.3517129
2015.05   0.1038431   0.3517893
2015.10   0.1040631   0.3518651
2015.15   0.1042830   0.3519402
2015.20   0.1045029   0.3520147
2015.25   0.1047227   0.3520885
2015.30   0.1049425   0.3521616
2015.35   0.1051622   0.3522340
2015.40   0.1053819   0.3523057
2015.45   0.1056015   0.3523766
2015.50   0.1058211   0.3524467
2015.55   0.1060406   0.3525160
2015.60   0.1062600   0.3525846
2015.65   0.1064794   0.3526523
2015.70   0.1066987   0.3527191
2015.75   0.1069180   0.3527851
2015.80   0.1071371   0.3528503
2015.85   0.1073562   0.3529146
2015.90   0.1075752   0.3529779
2015.95   0.1077942   0.3530404
2016.00   0.1080130   0.3531020
2016.05   0.1082317   0.3531626
2016.10   0.1084503   0.3532223
2016.15   0.1086688   0.3532811
2016.20   0.1088872   0.3533389
2016.25   0.1091054   0.3533958
2016.30   0.1093236   0.3534517
2016.35   0.1095415   0.3535066
2016.40   0.1097593   0.3535606
2016.45   0.1099770   0.3536136
2016.50   0.1101945   0.3536656
2016.55   0.1104118   0.3537167
2016.60   0.1106289   0.3537667
2016.65   0.1108458   0.3538158
2016.70   0.1110626   0.3538639
2016.75   0.1112791   0.3539110
2016.80   0.1114953   0.3539571
2016.85   0.1117114   0.3540023
2016.90   0.1119271   0.3540465
2016.95   0.1121426   0.3540897
2017.00   0.1123579   0.3541319
2017.05   0.1125728   0.3541732
2017.10   0.1127875   0.3542135
2017.15   0.1130018   0.3542528
2017.20   0.1132158   0.3542912
2017.25   0.1134295   0.3543287
2017.30   0.1136428   0.3543652
2017.35   0.1138558   0.3544008
2017.40   0.1140684   0.3544354
2017.45   0.1142806   0.3544692
2017.50   0.1144924   0.3545020
2017.55   0.1147038   0.3545340
2017.60   0.1149148   0.3545651
2017.65   0.1151253   0.3545953
2017.70   0.1153353   0.3546246
2017.75   0.1155449   0.3546531
2017.80   0.1157540   0.3546807
2017.85   0.1159626   0.3547075
2017.90   0.1161707   0.3547335
2017.95   0.1163782   0.3547587
2018.00   0.1165852   0.3547831
2018.05   0.1167917   0.3548067
2018.10   0.1169976   0.3548296
2018.15   0.1172029   0.3548517
2018.20   0.1174076   0.3548731
2018.25   0.1176116   0.3548937
2018.30   0.1178151   0.3549136
2018.35   0.1180179   0.3549329
2018.40   0.1182200   0.3549515
2018.45   0.1184215   0.3549694
2018.50   0.1186223   0.3549866
2018.55   0.1188224   0.3550033
2018.60   0.1190218   0.3550193
2018.65   0.1192204   0.3550347
2018.70   0.1194183   0.3550495
2018.75   0.1196154   0.3550638
2018.80   0.1198118   0.3550775
2018.85   0.1200074   0.3550907
2018.90   0.1202022   0.3551033
2018.95   0.1203962   0.3551154
2019.00   0.1205893   0.3551271
2019.05   0.1207816   0.3551383
2019.10   0.1209731   0.3551490
2019.15   0.1211637   0.3551593
2019.20   0.1213534   0.3551691
2019.25   0.1215423   0.3551786
2019.30   0.1217302   0.3551876
2019.35   0.1219173   0.3551963
2019.40   0.1221034   0.3552046
2019.45   0.1222885   0.3552126
2019.50   0.1224728   0.3552202
2019.55   0.1226561   0.3552275
2019.60   0.1228384   0.3552345
2019.65   0.1230197   0.3552412
2019.70   0.1232000   0.3552477
2019.75   0.1233794   0.3552539
2019.80   0.1235577   0.3552599
2019.85   0.1237350   0.3552656
2019.90   0.1239113   0.3552711
2019.95   0.1240866   0.3552764
2020.00   0.1242608   0.3552816
2020.05   0.1244339   0.3552865
2020.10   0.1246060   0.3552913
2020.15   0.1247771   0.3552960
2020.20   0.1249470   0.3553005
2020.25   0.1251159   0.3553049
2020.30   0.1252836   0.3553092
2020.35   0.1254503   0.3553135
2020.40   0.1256159   0.3553176
2020.45   0.1257803   0.3553217
2020.50   0.1259437   0.3553257
2020.55   0.1261059   0.3553296
2020.60   0.1262670   0.3553336
2020.65   0.1264269   0.3553375
2020.70   0.1265857   0.3553414
2020.75   0.1267434   0.3553453
2020.80   0.1268999   0.3553492
2020.85   0.1270553   0.3553531
2020.90   0.1272095   0.3553571
2020.95   0.1273626   0.3553611
2021.00   0.1275144   0.3553651
2021.05   0.1276652   0.3553692
2021.10   0.1278147   0.3553734
2021.15   0.1279631   0.3553777
2021.20   0.1281103   0.3553820
2021.25   0.1282564   0.3553864
2021.30   0.1284013   0.3553910
2021.35   0.1285450   0.3553956
2021.40   0.1286875   0.3554004
2021.45   0.1288288   0.3554053
2021.50   0.1289690   0.3554103
2021.55   0.1291080   0.3554155
2021.60   0.1292458   0.3554208
2021.65   0.1293824   0.3554262
2021.70   0.1295179   0.3554318
2021.75   0.1296522   0.3554376
2021.80   0.1297853   0.3554436
2021.85   0.1299172   0.3554497
2021.90   0.1300480   0.3554560
2021.95   0.1301776   0.3554625
2022.00   0.1303060   0.3554692
2022.05   0.1304333   0.3554761
2022.10   0.1305594   0.3554832
2022.15   0.1306843   0.3554905
2022.20   0.1308081   0.3554980
2022.25   0.1309308   0.3555057
2022.30   0.1310523   0.3555136
2022.35   0.1311726   0.3555218
2022.40   0.1312918   0.3555302
2022.45   0.1314099   0.3555388
2022.50   0.1315268   0.3555477
2022.55   0.1316426   0.3555567
2022.60   0.1317573   0.3555661
2022.65   0.1318709   0.3555756
2022.70   0.1319833   0.3555854
2022.75   0.1320947   0.3555955
2022.80   0.1322049   0.3556058
2022.85   0.1323140   0.3556163
2022.90   0.1324221   0.3556271
2022.95   0.1325291   0.3556382
2023.00   0.1326350   0.3556495
2023.05   0.1327398   0.3556611
2023.10   0.1328435   0.3556729
2023.15   0.1329462   0.3556850
2023.20   0.1330478   0.3556973
2023.25   0.1331484   0.3557099
2023.30   0.1332480   0.3557228
2023.35   0.1333465   0.3557359
2023.40   0.1334440   0.3557493
2023.45   0.1335404   0.3557630
2023.50   0.1336359   0.3557769
2023.55   0.1337304   0.3557911
2023.60   0.1338238   0.3558055
2023.65   0.1339163   0.3558202
2023.70   0.1340078   0.3558352
2023.75   0.1340983   0.3558505
2023.80   0.1341878   0.3558660
2023.85   0.1342764   0.3558818
2023.90   0.1343640   0.3558978
2023.95   0.1344507   0.3559141
2024.00   0.1345365   0.3559307
2024.05   0.1346213   0.3559475
2024.10   0.1347052   0.3559646
2024.15   0.1347882   0.3559820
2024.20   0.1348703   0.3559996
2024.25   0.1349515   0.3560174
2024.30   0.1350319   0.3560356
2024.35   0.1351113   0.3560540
2024.40   0.1351899   0.3560726
2024.45   0.1352676   0.3560915
2024.50   0.1353445   0.3561106
2024.55   0.1354205   0.3561301
2024.60   0.1354957   0.3561497
2024.65   0.1355701   0.3561696
2024.70   0.1356436   0.3561898
2024.75   0.1357164   0.3562102
2024.80   0.1357883   0.3562308
2024.85   0.1358595   0.3562517
2024.90   0.1359299   0.3562728
2024.95   0.1359995   0.3562942
2025.00   0.1360683   0.3563158
2025.05   0.1361364   0.3563376
