#Log10(Mpeak/Msun) Log10(Median_SM/Msun) Log10(Median_SM/Mpeak) Err+(dex) Err-(dex)
#Mpeak: peak historical halo mass, using Bryan & Norman virial overdensity.
#Best fit chi^2: 201.975220
#Warning: chi^2 > 200 implies that not all features are well fit.  Comparison with the raw data (in data/smhm/median_raw/) is crucial.
10.00 6.227147 -3.772853 0.118342 0.097711
10.05 6.329803 -3.720197 0.113106 0.095635
10.10 6.432450 -3.667550 0.108633 0.093807
10.15 6.535085 -3.614915 0.103777 0.093474
10.20 6.637706 -3.562294 0.098921 0.093238
10.25 6.740312 -3.509688 0.094066 0.092041
10.30 6.842899 -3.457101 0.089216 0.092293
10.35 6.945465 -3.404535 0.083160 0.092508
10.40 7.048008 -3.351992 0.078525 0.092251
10.45 7.150525 -3.299475 0.073904 0.089790
10.50 7.253014 -3.246986 0.068671 0.087487
10.55 7.355476 -3.194524 0.064116 0.086091
10.60 7.457911 -3.142089 0.057741 0.082652
10.65 7.560326 -3.089674 0.052150 0.082028
10.70 7.662730 -3.037270 0.048288 0.079544
10.75 7.765138 -2.984862 0.044817 0.078182
10.80 7.867575 -2.932425 0.040624 0.076288
10.85 7.970074 -2.879926 0.037166 0.077111
10.90 8.072682 -2.827318 0.034627 0.076571
10.95 8.175458 -2.774542 0.031635 0.074594
11.00 8.278474 -2.721526 0.029626 0.073287
11.05 8.381817 -2.668183 0.027278 0.074826
11.10 8.485583 -2.614417 0.025174 0.071245
11.15 8.589874 -2.560126 0.021961 0.069941
11.20 8.694787 -2.505213 0.019075 0.064839
11.25 8.800408 -2.449592 0.019208 0.062192
11.30 8.906791 -2.393209 0.017322 0.060493
11.35 9.013945 -2.336055 0.016346 0.058847
11.40 9.121814 -2.278186 0.014443 0.058680
11.45 9.230257 -2.219743 0.011515 0.054654
11.50 9.339031 -2.160969 0.010304 0.052836
11.55 9.447777 -2.102223 0.008699 0.052989
11.60 9.556013 -2.043987 0.007246 0.052998
11.65 9.663134 -1.986866 0.006915 0.049685
11.70 9.768426 -1.931574 0.004102 0.045808
11.75 9.871086 -1.878914 0.001907 0.043427
11.80 9.970258 -1.829742 0.000959 0.040344
11.85 10.065075 -1.784925 0.001562 0.039824
11.90 10.154707 -1.745293 0.003172 0.037330
11.95 10.238417 -1.711583 0.004396 0.034661
12.00 10.315603 -1.684397 0.006043 0.033103
12.05 10.385850 -1.664150 0.007403 0.031452
12.10 10.448953 -1.651047 0.006795 0.027651
12.15 10.504932 -1.645068 0.008573 0.024970
12.20 10.554037 -1.645963 0.011919 0.022420
12.25 10.596722 -1.653278 0.013998 0.020220
12.30 10.633618 -1.666382 0.017109 0.018455
12.35 10.665484 -1.684516 0.020073 0.016290
12.40 10.693160 -1.706840 0.021842 0.015773
12.45 10.717516 -1.732484 0.024593 0.015167
12.50 10.739402 -1.760598 0.026418 0.015786
12.55 10.759603 -1.790397 0.028790 0.017087
12.60 10.778816 -1.821184 0.028915 0.019533
12.65 10.797622 -1.852378 0.028967 0.019499
12.70 10.816479 -1.883521 0.027761 0.019361
12.75 10.835722 -1.914278 0.026706 0.020078
12.80 10.855574 -1.944426 0.023490 0.022650
12.85 10.876157 -1.973843 0.020958 0.022095
12.90 10.897515 -2.002485 0.021155 0.023261
12.95 10.919627 -2.030373 0.018136 0.024282
13.00 10.942431 -2.057569 0.014519 0.025751
13.05 10.965841 -2.084159 0.013200 0.028067
13.10 10.989755 -2.110245 0.012579 0.031202
13.15 11.014073 -2.135927 0.011425 0.033078
13.20 11.038701 -2.161299 0.011081 0.033838
13.25 11.063553 -2.186447 0.010493 0.037209
13.30 11.088561 -2.211439 0.010249 0.038305
13.35 11.113668 -2.236332 0.011086 0.036538
13.40 11.138830 -2.261170 0.011785 0.035759
13.45 11.164015 -2.285985 0.012107 0.035825
13.50 11.189201 -2.310799 0.011798 0.036536
13.55 11.214373 -2.335627 0.012418 0.036207
13.60 11.239524 -2.360476 0.011676 0.034744
13.65 11.264648 -2.385352 0.011915 0.033868
13.70 11.289744 -2.410256 0.013314 0.034985
13.75 11.314813 -2.435187 0.014858 0.036762
13.80 11.339856 -2.460144 0.015837 0.035064
13.85 11.364876 -2.485124 0.017886 0.035568
13.90 11.389876 -2.510124 0.019924 0.035419
13.95 11.414858 -2.535142 0.021767 0.034755
14.00 11.439824 -2.560176 0.023292 0.034798
14.05 11.464778 -2.585222 0.025370 0.035759
14.10 11.489720 -2.610280 0.027369 0.037233
14.15 11.514652 -2.635348 0.029238 0.039522
14.20 11.539577 -2.660423 0.031109 0.040442
14.25 11.564495 -2.685505 0.032980 0.041038
14.30 11.589407 -2.710593 0.034964 0.042465
