#Log10(Mpeak/Msun) Log10(Median_SM/Msun) Log10(Median_SM/Mpeak) Err+(dex) Err-(dex)
#Mpeak: peak historical halo mass, using Bryan & Norman virial overdensity.
#Best fit chi^2: 201.975220
#Warning: chi^2 > 200 implies that not all features are well fit.  Comparison with the raw data (in data/smhm/median_raw/) is crucial.
10.00 6.341226 -3.658774 0.104241 0.091516
10.05 6.442935 -3.607065 0.102092 0.090588
10.10 6.544631 -3.555369 0.098382 0.088277
10.15 6.646312 -3.503688 0.095461 0.087328
10.20 6.747978 -3.452022 0.091700 0.085680
10.25 6.849624 -3.400376 0.086795 0.085224
10.30 6.951247 -3.348753 0.082319 0.084324
10.35 7.052845 -3.297155 0.079146 0.083407
10.40 7.154415 -3.245585 0.073963 0.082468
10.45 7.255953 -3.194047 0.068773 0.081502
10.50 7.357457 -3.142543 0.065085 0.081197
10.55 7.458927 -3.091073 0.062354 0.081639
10.60 7.560364 -3.039636 0.058683 0.080014
10.65 7.661773 -2.988227 0.055194 0.080536
10.70 7.763162 -2.936838 0.048489 0.077802
10.75 7.864546 -2.885454 0.044204 0.074927
10.80 7.965948 -2.834052 0.043187 0.073222
10.85 8.067401 -2.782599 0.040465 0.069858
10.90 8.168946 -2.731054 0.037592 0.068083
10.95 8.270637 -2.679363 0.033302 0.067315
11.00 8.372540 -2.627460 0.032239 0.066813
11.05 8.474728 -2.575272 0.029337 0.063806
11.10 8.577281 -2.522719 0.026803 0.063038
11.15 8.680278 -2.469722 0.024548 0.062261
11.20 8.783790 -2.416210 0.023713 0.061781
11.25 8.887865 -2.362135 0.021128 0.059088
11.30 8.992516 -2.307484 0.020479 0.057761
11.35 9.097705 -2.252295 0.018207 0.054363
11.40 9.203326 -2.196674 0.017355 0.055157
11.45 9.309187 -2.140813 0.015130 0.052054
11.50 9.414999 -2.085001 0.013645 0.050179
11.55 9.520365 -2.029635 0.011276 0.048351
11.60 9.624783 -1.975217 0.009039 0.046136
11.65 9.727646 -1.922354 0.006207 0.044047
11.70 9.828262 -1.871738 0.005607 0.039419
11.75 9.925882 -1.824118 0.004236 0.038656
11.80 10.019732 -1.780268 0.002982 0.036140
11.85 10.109055 -1.740945 0.002758 0.036375
11.90 10.193159 -1.706841 0.003329 0.036137
11.95 10.271458 -1.678542 0.003174 0.034444
12.00 10.343514 -1.656486 0.003220 0.031663
12.05 10.409071 -1.640929 0.002791 0.029080
12.10 10.468067 -1.631933 0.003197 0.026298
12.15 10.520646 -1.629354 0.003526 0.026583
12.20 10.567140 -1.632860 0.005975 0.024931
12.25 10.608051 -1.641949 0.008314 0.023031
12.30 10.644015 -1.655985 0.009931 0.022123
12.35 10.675754 -1.674246 0.013254 0.022734
12.40 10.704039 -1.695961 0.016249 0.022516
12.45 10.729638 -1.720362 0.018959 0.023474
12.50 10.753280 -1.746720 0.021760 0.024274
12.55 10.775626 -1.774374 0.023192 0.026607
12.60 10.797240 -1.802760 0.023377 0.027589
12.65 10.818584 -1.831416 0.023793 0.027333
12.70 10.840009 -1.859991 0.022795 0.027136
12.75 10.861763 -1.888237 0.022374 0.028115
12.80 10.884002 -1.915998 0.021403 0.028764
12.85 10.906801 -1.943199 0.019510 0.029634
12.90 10.930176 -1.969824 0.018568 0.030250
12.95 10.954098 -1.995902 0.017646 0.029553
13.00 10.978508 -2.021492 0.014799 0.030443
13.05 11.003330 -2.046670 0.013301 0.031700
13.10 11.028485 -2.071515 0.012307 0.032463
13.15 11.053894 -2.096106 0.011081 0.034865
13.20 11.079487 -2.120513 0.009978 0.036003
13.25 11.105203 -2.144797 0.009060 0.037463
13.30 11.130992 -2.169008 0.008146 0.038512
13.35 11.156817 -2.193183 0.008271 0.040014
13.40 11.182650 -2.217350 0.009453 0.040810
13.45 11.208472 -2.241528 0.010693 0.038210
13.50 11.234270 -2.265730 0.009795 0.037641
13.55 11.260037 -2.289963 0.009688 0.036806
13.60 11.285770 -2.314230 0.010621 0.036590
13.65 11.311469 -2.338531 0.010768 0.037107
13.70 11.337135 -2.362865 0.012952 0.035544
13.75 11.362771 -2.387229 0.013644 0.035134
13.80 11.388379 -2.411621 0.014372 0.035051
13.85 11.413963 -2.436037 0.016060 0.036142
13.90 11.439526 -2.460474 0.017506 0.036299
13.95 11.465071 -2.484929 0.019341 0.036636
14.00 11.490600 -2.509400 0.021030 0.037791
14.05 11.516116 -2.533884 0.022849 0.038069
14.10 11.541621 -2.558379 0.024878 0.037665
14.15 11.567116 -2.582884 0.026665 0.039488
14.20 11.592604 -2.607396 0.027883 0.039227
14.25 11.618084 -2.631916 0.030541 0.038093
14.30 11.643559 -2.656441 0.031959 0.039570
14.35 11.669029 -2.680971 0.033283 0.040590
