3.000000000000000000e+01 1.118099999999999934e-07 2.093444444444445080e-08 2.262018181818180882e-08
5.000000000000000000e+01 7.121272727272727741e-08 2.136909090909088880e-08 1.862938181818182711e-08
7.000000000000000000e+01 2.925454545454545121e-08 2.173018181818182533e-08 2.148763636363635625e-08
9.000000000000000000e+01 1.495090909090908835e-08 1.597447272727272525e-08 1.954581818181817316e-08
1.100000000000000000e+02 1.794999999999999861e-08 2.657327272727272219e-08 2.948818181818182108e-08
1.300000000000000000e+02 1.448090909090909142e-08 2.411116363636362985e-08 2.170109090909090792e-08
1.500000000000000000e+02 3.865681818181817800e-08 1.385463636363636989e-08 1.439500000000000085e-08
1.700000000000000000e+02 2.215454545454545711e-08 1.320909090909090375e-08 1.302847272727273150e-08
1.900000000000000000e+02 1.020818181818181983e-08 1.032345454545453765e-08 1.066447272727272767e-08
2.100000000000000000e+02 7.035000000000001452e-09 9.101181818181813627e-09 1.108907272727272639e-08
2.300000000000000000e+02 1.110545454545454591e-08 1.361141818181818092e-08 1.277498181818181804e-08
2.500000000000000000e+02 2.103272727272727409e-08 9.351345454545457318e-09 9.864981818181818786e-09
2.700000000000000000e+02 3.650000000000001665e-09 9.333927272727272263e-09 1.053545454545454477e-08
2.900000000000000000e+02 8.443181818181818588e-09 1.560372727272727226e-08 1.393409090909090858e-08
3.100000000000000000e+02 8.741363636363636041e-09 8.813181818181812967e-09 8.540454545454545769e-09
3.300000000000000000e+02 1.689999999999999748e-09 7.355454545454547897e-09 8.299090909090908086e-09
3.500000000000000000e+02 -1.227509090909090842e-08 9.058400000000000897e-09 9.400363636363637177e-09
3.700000000000000000e+02 4.059999999999999628e-09 7.789090909090913777e-09 7.858472727272725568e-09
3.900000000000000000e+02 7.578181818181818783e-09 9.816363636363637395e-09 1.015996363636363526e-08
4.100000000000000000e+02 5.483636363636363951e-09 7.607272727272726270e-09 7.566909090909089857e-09
4.300000000000000000e+02 1.256090909090909143e-08 6.331818181818178057e-09 6.863018181818181351e-09
4.500000000000000000e+02 -4.679999999999999555e-09 8.446618181818179894e-09 7.739345454545452545e-09
4.700000000000000000e+02 -5.007636363636362699e-09 7.925854545454543363e-09 7.422181818181819735e-09
4.900000000000000000e+02 1.709090909090909957e-09 9.136363636363633953e-09 9.244690909090910280e-09
