#Log10(Mpeak/Msun) Log10(Median_SM/Msun) Log10(Median_SM/Mpeak) Err+(dex) Err-(dex)
#Mpeak: peak historical halo mass, using Bryan & Norman virial overdensity.
#Best fit chi^2: 201.975220
#Warning: chi^2 > 200 implies that not all features are well fit.  Comparison with the raw data (in data/smhm/median_raw/) is crucial.
10.00 6.524137 -3.475863 0.104979 0.108612
10.05 6.622371 -3.427629 0.098655 0.107160
10.10 6.720590 -3.379410 0.094776 0.104519
10.15 6.818791 -3.331209 0.092373 0.099862
10.20 6.916972 -3.283028 0.089971 0.097239
10.25 7.015129 -3.234871 0.087570 0.094614
10.30 7.113258 -3.186742 0.084377 0.091984
10.35 7.211355 -3.138645 0.080569 0.090343
10.40 7.309416 -3.090584 0.078583 0.090116
10.45 7.407436 -3.042564 0.076370 0.089885
10.50 7.505411 -2.994589 0.072912 0.089471
10.55 7.603337 -2.946663 0.068294 0.085636
10.60 7.701211 -2.898789 0.064576 0.083086
10.65 7.799034 -2.850966 0.060905 0.079554
10.70 7.896806 -2.803194 0.057208 0.075378
10.75 7.994536 -2.755464 0.054479 0.071783
10.80 8.092232 -2.707768 0.051000 0.068967
10.85 8.189915 -2.660085 0.049102 0.064904
10.90 8.287609 -2.612391 0.045104 0.063025
10.95 8.385347 -2.564653 0.042158 0.062623
11.00 8.483170 -2.516830 0.038631 0.060565
11.05 8.581125 -2.468875 0.037150 0.059441
11.10 8.679262 -2.420738 0.035095 0.055916
11.15 8.777632 -2.372368 0.033092 0.051512
11.20 8.876273 -2.323727 0.032607 0.050779
11.25 8.975210 -2.274790 0.030726 0.048779
11.30 9.074438 -2.225562 0.028129 0.045449
11.35 9.173909 -2.176091 0.025678 0.044771
11.40 9.273524 -2.126476 0.023302 0.041195
11.45 9.373114 -2.076886 0.021673 0.039716
11.50 9.472435 -2.027565 0.020180 0.037992
11.55 9.571156 -1.978844 0.018937 0.036160
11.60 9.668863 -1.931137 0.016454 0.034760
11.65 9.765062 -1.884938 0.014123 0.033045
11.70 9.859189 -1.840811 0.013039 0.032553
11.75 9.950636 -1.799364 0.011562 0.031722
11.80 10.038776 -1.761224 0.010444 0.030797
11.85 10.122994 -1.727006 0.009821 0.030802
11.90 10.202729 -1.697271 0.008957 0.030780
11.95 10.277502 -1.672498 0.008188 0.029742
12.00 10.346954 -1.653046 0.007090 0.030429
12.05 10.410866 -1.639134 0.006633 0.029174
12.10 10.469180 -1.630820 0.005749 0.028800
12.15 10.521998 -1.628002 0.005807 0.028168
12.20 10.569578 -1.630422 0.005908 0.028165
12.25 10.612316 -1.637684 0.006298 0.028324
12.30 10.650715 -1.649285 0.008613 0.027759
12.35 10.685355 -1.664645 0.010901 0.027697
12.40 10.716858 -1.683142 0.012636 0.026631
12.45 10.745849 -1.704151 0.012963 0.029292
12.50 10.772925 -1.727075 0.014103 0.029490
12.55 10.798634 -1.751366 0.015957 0.030614
12.60 10.823450 -1.776550 0.016816 0.031321
12.65 10.847763 -1.802237 0.016609 0.031953
12.70 10.871882 -1.828118 0.017594 0.032921
12.75 10.896028 -1.853972 0.017487 0.032439
12.80 10.920351 -1.879649 0.016373 0.032525
12.85 10.944935 -1.905065 0.015469 0.033361
12.90 10.969815 -1.930185 0.015541 0.032615
12.95 10.994986 -1.955014 0.015917 0.033996
13.00 11.020420 -1.979580 0.015759 0.035318
13.05 11.046073 -2.003927 0.016108 0.034434
13.10 11.071895 -2.028105 0.016531 0.035073
13.15 11.097835 -2.052165 0.015266 0.034548
13.20 11.123849 -2.076151 0.015043 0.035760
13.25 11.149897 -2.100103 0.013904 0.037588
13.30 11.175948 -2.124052 0.013266 0.037550
13.35 11.201980 -2.148020 0.014059 0.036746
13.40 11.227976 -2.172024 0.013107 0.036432
13.45 11.253927 -2.196073 0.014077 0.036764
13.50 11.279826 -2.220174 0.014529 0.036276
13.55 11.305674 -2.244326 0.015443 0.035074
13.60 11.331470 -2.268530 0.014972 0.035273
13.65 11.357219 -2.292781 0.014582 0.034879
13.70 11.382923 -2.317077 0.015147 0.034337
13.75 11.408588 -2.341412 0.015730 0.033680
13.80 11.434217 -2.365783 0.017633 0.033067
13.85 11.459816 -2.390184 0.019985 0.032311
13.90 11.485389 -2.414611 0.019794 0.032361
13.95 11.510938 -2.439062 0.021172 0.032412
14.00 11.536468 -2.463532 0.023235 0.032777
14.05 11.561980 -2.488020 0.023589 0.033340
14.10 11.587479 -2.512521 0.025107 0.033387
14.15 11.612965 -2.537035 0.024939 0.033102
14.20 11.638441 -2.561559 0.025872 0.033718
14.25 11.663908 -2.586092 0.027982 0.034181
14.30 11.689368 -2.610632 0.029504 0.035162
14.35 11.714821 -2.635179 0.031704 0.034067
14.40 11.740269 -2.659731 0.033386 0.034149
14.45 11.765713 -2.684287 0.035905 0.034079
