#Log10(Mpeak/Msun) Log10(Median_SM/Msun) Log10(Median_SM/Mpeak) Err+(dex) Err-(dex)
#Mpeak: peak historical halo mass, using Bryan & Norman virial overdensity.
#Best fit chi^2: 201.975220
#Warning: chi^2 > 200 implies that not all features are well fit.  Comparison with the raw data (in data/smhm/median_raw/) is crucial.
10.00 6.156286 -3.843714 0.113659 0.103261
10.05 6.258551 -3.791449 0.108781 0.102201
10.10 6.360808 -3.739192 0.106374 0.100171
10.15 6.463056 -3.686944 0.099696 0.098065
10.20 6.565292 -3.634708 0.095152 0.097988
10.25 6.667516 -3.582484 0.090609 0.095468
10.30 6.769723 -3.530277 0.086068 0.094972
10.35 6.871913 -3.478087 0.079037 0.093944
10.40 6.974083 -3.425917 0.073342 0.091841
10.45 7.076230 -3.373770 0.070167 0.091147
10.50 7.178352 -3.321648 0.066984 0.091475
10.55 7.280450 -3.269550 0.063510 0.090164
10.60 7.382522 -3.217478 0.059075 0.089441
10.65 7.484574 -3.165426 0.053401 0.088488
10.70 7.586610 -3.113390 0.049982 0.087543
10.75 7.688644 -3.061356 0.046842 0.085998
10.80 7.790694 -3.009306 0.041437 0.084804
10.85 7.892789 -2.957211 0.038231 0.083029
10.90 7.994969 -2.905031 0.034350 0.081892
10.95 8.097286 -2.852714 0.030484 0.080621
11.00 8.199808 -2.800192 0.027234 0.079230
11.05 8.302617 -2.747383 0.023868 0.077006
11.10 8.405812 -2.694188 0.021067 0.074455
11.15 8.509500 -2.640500 0.020325 0.071124
11.20 8.613796 -2.586204 0.019299 0.067618
11.25 8.718809 -2.531191 0.017488 0.067062
11.30 8.824636 -2.475364 0.014966 0.064609
11.35 8.931338 -2.418662 0.013816 0.061079
11.40 9.038927 -2.361073 0.013254 0.059176
11.45 9.147345 -2.302655 0.012959 0.056145
11.50 9.256442 -2.243558 0.011448 0.054188
11.55 9.365956 -2.184044 0.009737 0.052751
11.60 9.475501 -2.124499 0.009077 0.048576
11.65 9.584561 -2.065439 0.006900 0.046264
11.70 9.692488 -2.007512 0.003787 0.044341
11.75 9.798517 -1.951483 0.003135 0.042088
11.80 9.901792 -1.898208 0.002754 0.038130
11.85 10.001402 -1.848598 0.002322 0.035961
11.90 10.096430 -1.803570 0.001493 0.034983
11.95 10.186000 -1.764000 0.003344 0.033852
12.00 10.269339 -1.730661 0.007279 0.032864
12.05 10.345827 -1.704173 0.009024 0.030945
12.10 10.415038 -1.684962 0.011573 0.027780
12.15 10.476774 -1.673226 0.014757 0.025316
12.20 10.531082 -1.668918 0.016899 0.022351
12.25 10.578246 -1.671754 0.018216 0.018689
12.30 10.618766 -1.681234 0.021105 0.016683
12.35 10.653327 -1.696673 0.024070 0.013486
12.40 10.682745 -1.717255 0.026771 0.011755
12.45 10.707918 -1.742082 0.028002 0.010395
12.50 10.729768 -1.770232 0.030800 0.010971
12.55 10.749189 -1.800811 0.032681 0.010129
12.60 10.767007 -1.832993 0.033354 0.011930
12.65 10.783946 -1.866054 0.032802 0.013370
12.70 10.800607 -1.899393 0.032894 0.014623
12.75 10.817457 -1.932543 0.030333 0.017430
12.80 10.834836 -1.965164 0.026603 0.017459
12.85 10.852960 -1.997040 0.026007 0.020542
12.90 10.871944 -2.028056 0.023860 0.021101
12.95 10.891819 -2.058181 0.021990 0.021421
13.00 10.912550 -2.087450 0.019989 0.022904
13.05 10.934062 -2.115938 0.019750 0.027029
13.10 10.956253 -2.143747 0.018224 0.030726
13.15 10.979008 -2.170992 0.017526 0.031380
13.20 11.002216 -2.197784 0.017068 0.032863
13.25 11.025771 -2.224229 0.016296 0.033705
13.30 11.049582 -2.250418 0.016947 0.035513
13.35 11.073571 -2.276429 0.015909 0.035706
13.40 11.097676 -2.302324 0.016345 0.037001
13.45 11.121849 -2.328151 0.017370 0.035817
13.50 11.146055 -2.353945 0.017877 0.035557
13.55 11.170270 -2.379730 0.019175 0.036445
13.60 11.194477 -2.405523 0.018169 0.035502
13.65 11.218667 -2.431333 0.017900 0.033624
13.70 11.242833 -2.457167 0.018802 0.033112
13.75 11.266974 -2.483026 0.020663 0.032812
13.80 11.291090 -2.508910 0.021353 0.032694
13.85 11.315182 -2.534818 0.022407 0.031398
13.90 11.339252 -2.560748 0.025368 0.032378
13.95 11.363303 -2.586697 0.026442 0.032267
14.00 11.387338 -2.612662 0.027929 0.033873
14.05 11.411357 -2.638643 0.030357 0.035277
14.10 11.435364 -2.664636 0.031847 0.036231
14.15 11.459361 -2.690639 0.034530 0.037744
14.20 11.483348 -2.716652 0.037637 0.040955
14.25 11.507328 -2.742672 0.040849 0.041728
