#Log10(Mpeak/Msun) Log10(Median_SM/Msun) Log10(Median_SM/Mpeak) Err+(dex) Err-(dex)
#Mpeak: peak historical halo mass, using Bryan & Norman virial overdensity.
#Best fit chi^2: 201.975220
#Warning: chi^2 > 200 implies that not all features are well fit.  Comparison with the raw data (in data/smhm/median_raw/) is crucial.
10.00 6.187265 -3.812735 0.114874 0.099854
10.05 6.289845 -3.760155 0.110242 0.100251
10.10 6.392417 -3.707583 0.105949 0.099238
10.15 6.494978 -3.655022 0.102262 0.097728
10.20 6.597527 -3.602473 0.096340 0.096920
10.25 6.700061 -3.549939 0.091707 0.096590
10.30 6.802579 -3.497421 0.087076 0.093573
10.35 6.905077 -3.444923 0.082450 0.092439
10.40 7.007554 -3.392446 0.077713 0.091370
10.45 7.110006 -3.339994 0.072972 0.091667
10.50 7.212433 -3.287567 0.068645 0.091381
10.55 7.314833 -3.235167 0.064091 0.090743
10.60 7.417209 -3.182791 0.059576 0.087454
10.65 7.519564 -3.130436 0.055715 0.085453
10.70 7.621906 -3.078094 0.050376 0.084414
10.75 7.724251 -3.025749 0.043646 0.082292
10.80 7.826620 -2.973380 0.039781 0.079857
10.85 7.929044 -2.920956 0.036349 0.079715
10.90 8.031568 -2.868432 0.033457 0.079451
10.95 8.134249 -2.815751 0.031127 0.077574
11.00 8.237158 -2.762842 0.027540 0.077788
11.05 8.340381 -2.709619 0.026933 0.077422
11.10 8.444017 -2.655983 0.023681 0.073994
11.15 8.548173 -2.601827 0.020258 0.070173
11.20 8.652957 -2.547043 0.016534 0.068990
11.25 8.758469 -2.491531 0.018237 0.065355
11.30 8.864785 -2.435215 0.017403 0.062053
11.35 8.971942 -2.378058 0.015198 0.059191
11.40 9.079918 -2.320082 0.013410 0.057590
11.45 9.188612 -2.261388 0.011212 0.056159
11.50 9.297825 -2.202175 0.010345 0.053704
11.55 9.407241 -2.142759 0.009238 0.053918
11.60 9.516420 -2.083580 0.007706 0.051546
11.65 9.624794 -2.025206 0.005093 0.049526
11.70 9.731672 -1.968328 0.003993 0.046284
11.75 9.836259 -1.913741 0.001852 0.043030
11.80 9.937689 -1.862311 0.001602 0.040943
11.85 10.035062 -1.814938 0.001963 0.038356
11.90 10.127496 -1.772504 0.002047 0.037028
11.95 10.214177 -1.735823 0.005600 0.034807
12.00 10.294417 -1.705583 0.007486 0.032718
12.05 10.367697 -1.682303 0.008715 0.031292
12.10 10.433705 -1.666295 0.010482 0.028149
12.15 10.492362 -1.657638 0.012044 0.025287
12.20 10.543825 -1.656175 0.014925 0.021796
12.25 10.588477 -1.661523 0.016336 0.019087
12.30 10.626897 -1.673103 0.019086 0.017445
12.35 10.659822 -1.690178 0.022832 0.014895
12.40 10.688092 -1.711908 0.024121 0.013640
12.45 10.712603 -1.737397 0.025902 0.013719
12.50 10.734247 -1.765753 0.029697 0.014096
12.55 10.753871 -1.796129 0.029673 0.014029
12.60 10.772239 -1.827761 0.031751 0.014847
12.65 10.790002 -1.859998 0.031667 0.017416
12.70 10.807688 -1.892312 0.030352 0.018196
12.75 10.825695 -1.924305 0.028563 0.017721
12.80 10.844297 -1.955703 0.025330 0.018341
12.85 10.863661 -1.986339 0.022578 0.019760
12.90 10.883859 -2.016141 0.019907 0.021834
12.95 10.904891 -2.045109 0.017369 0.022971
13.00 10.926706 -2.073294 0.015951 0.025155
13.05 10.949217 -2.100783 0.015114 0.028358
13.10 10.972322 -2.127678 0.014674 0.030335
13.15 10.995910 -2.154090 0.013887 0.031550
13.20 11.019878 -2.180122 0.013237 0.032191
13.25 11.044131 -2.205869 0.012933 0.035623
13.30 11.068586 -2.231414 0.013390 0.037232
13.35 11.093178 -2.256822 0.012797 0.036332
13.40 11.117853 -2.282147 0.013133 0.036798
13.45 11.142572 -2.307428 0.013316 0.036931
13.50 11.167308 -2.332692 0.013837 0.037377
13.55 11.192040 -2.357960 0.015729 0.038232
13.60 11.216756 -2.383244 0.014730 0.037584
13.65 11.241450 -2.408550 0.015921 0.035878
13.70 11.266118 -2.433882 0.016275 0.034169
13.75 11.290760 -2.459240 0.016879 0.033282
13.80 11.315377 -2.484623 0.019148 0.035363
13.85 11.339971 -2.510029 0.020442 0.034953
13.90 11.364543 -2.535457 0.021221 0.033042
13.95 11.389097 -2.560903 0.023405 0.034594
14.00 11.413635 -2.586365 0.025143 0.036667
14.05 11.438159 -2.611841 0.027261 0.037429
14.10 11.462672 -2.637328 0.029432 0.038561
14.15 11.487174 -2.662826 0.032380 0.038191
14.20 11.511668 -2.688332 0.033621 0.039890
14.25 11.536155 -2.713845 0.035965 0.041578
