#Log10(Mpeak/Msun) Log10(Median_SM/Msun) Log10(Median_SM/Mpeak) Err+(dex) Err-(dex)
#Mpeak: peak historical halo mass, using Bryan & Norman virial overdensity.
#Best fit chi^2: 201.975220
#Warning: chi^2 > 200 implies that not all features are well fit.  Comparison with the raw data (in data/smhm/median_raw/) is crucial.
10.00 6.116038 -3.883962 0.126063 0.109288
10.05 6.217196 -3.832804 0.118785 0.108052
10.10 6.318348 -3.781652 0.113307 0.106121
10.15 6.419492 -3.730508 0.105424 0.104151
10.20 6.520626 -3.679374 0.099277 0.101083
10.25 6.621749 -3.628251 0.092942 0.100024
10.30 6.722859 -3.577141 0.086340 0.100185
10.35 6.823954 -3.526046 0.081335 0.100348
10.40 6.925031 -3.474969 0.076214 0.099068
10.45 7.026089 -3.423911 0.071542 0.092797
10.50 7.127124 -3.372876 0.066594 0.093681
10.55 7.228135 -3.321865 0.061527 0.094142
10.60 7.329121 -3.270879 0.058134 0.092448
10.65 7.430084 -3.219916 0.053740 0.091948
10.70 7.531026 -3.168974 0.050294 0.088635
10.75 7.631956 -3.118044 0.045104 0.084025
10.80 7.732884 -3.067116 0.040472 0.083076
10.85 7.833832 -3.016168 0.036973 0.081080
10.90 7.934830 -2.965170 0.034809 0.079793
10.95 8.035917 -2.914083 0.029532 0.077067
11.00 8.137148 -2.862852 0.025903 0.075727
11.05 8.238595 -2.811405 0.023497 0.076202
11.10 8.340342 -2.759658 0.021339 0.072673
11.15 8.442491 -2.707509 0.018644 0.068942
11.20 8.545154 -2.654846 0.015967 0.069252
11.25 8.648452 -2.601548 0.016009 0.062645
11.30 8.752498 -2.547502 0.015934 0.060019
11.35 8.857395 -2.492605 0.012989 0.056462
11.40 8.963211 -2.436789 0.012571 0.054709
11.45 9.069963 -2.380037 0.012013 0.053432
11.50 9.177597 -2.322403 0.011757 0.049750
11.55 9.285966 -2.264034 0.011513 0.047544
11.60 9.394810 -2.205190 0.010732 0.046605
11.65 9.503740 -2.146260 0.009484 0.045955
11.70 9.612234 -2.087766 0.009875 0.042172
11.75 9.719635 -2.030365 0.009380 0.039411
11.80 9.825167 -1.974833 0.007166 0.037533
11.85 9.927958 -1.922042 0.005721 0.036903
11.90 10.027077 -1.872923 0.006629 0.034793
11.95 10.121586 -1.828414 0.006822 0.033052
12.00 10.210588 -1.789412 0.006767 0.032101
12.05 10.293289 -1.756711 0.007838 0.030616
12.10 10.369048 -1.730952 0.010129 0.027568
12.15 10.437423 -1.712577 0.014826 0.025658
12.20 10.498206 -1.701794 0.017785 0.023221
12.25 10.551435 -1.698565 0.020716 0.019592
12.30 10.597395 -1.702605 0.022257 0.016419
12.35 10.636592 -1.713408 0.024235 0.012278
12.40 10.669719 -1.730281 0.026889 0.009701
12.45 10.697611 -1.752389 0.030631 0.007039
12.50 10.721181 -1.778819 0.031960 0.006302
12.55 10.741373 -1.808627 0.034203 0.006635
12.60 10.759102 -1.840898 0.034994 0.007195
12.65 10.775215 -1.874785 0.036048 0.008366
12.70 10.790452 -1.909548 0.035892 0.008849
12.75 10.805431 -1.944569 0.035592 0.011946
12.80 10.820631 -1.979369 0.035279 0.014862
12.85 10.836399 -2.013601 0.033377 0.017094
12.90 10.852958 -2.047042 0.031915 0.018352
12.95 10.870426 -2.079574 0.030655 0.021877
13.00 10.888832 -2.111168 0.030208 0.022943
13.05 10.908139 -2.141861 0.029016 0.027335
13.10 10.928268 -2.171732 0.028556 0.029793
13.15 10.949111 -2.200889 0.027552 0.032687
13.20 10.970551 -2.229449 0.026967 0.032971
13.25 10.992470 -2.257530 0.027598 0.032209
13.30 11.014757 -2.285243 0.027047 0.034095
13.35 11.037317 -2.312683 0.027471 0.033415
13.40 11.060068 -2.339932 0.027047 0.034894
13.45 11.082945 -2.367055 0.026909 0.034845
13.50 11.105899 -2.394101 0.024684 0.033781
13.55 11.128890 -2.421110 0.025338 0.032237
13.60 11.151894 -2.448106 0.024864 0.030235
13.65 11.174893 -2.475107 0.025678 0.029900
13.70 11.197876 -2.502124 0.026523 0.028738
13.75 11.220838 -2.529162 0.028062 0.028996
13.80 11.243774 -2.556226 0.029462 0.028488
13.85 11.266687 -2.583313 0.031591 0.029752
13.90 11.289576 -2.610424 0.032439 0.030491
13.95 11.312443 -2.637557 0.034886 0.031533
14.00 11.335291 -2.664709 0.037205 0.031532
14.05 11.358123 -2.691877 0.039771 0.031975
14.10 11.380939 -2.719061 0.043610 0.033937
14.15 11.403744 -2.746256 0.045739 0.034091
