#Log10(Mpeak/Msun) Log10(Median_SM/Msun) Log10(Median_SM/Mpeak) Err+(dex) Err-(dex)
#Mpeak: peak historical halo mass, using Bryan & Norman virial overdensity.
#Best fit chi^2: 201.975220
#Warning: chi^2 > 200 implies that not all features are well fit.  Comparison with the raw data (in data/smhm/median_raw/) is crucial.
10.00 6.659325 -3.340675 0.119244 0.130515
10.05 6.754196 -3.295804 0.115921 0.129582
10.10 6.849050 -3.250950 0.110039 0.127769
10.15 6.943885 -3.206115 0.105494 0.123964
10.20 7.038697 -3.161303 0.101422 0.120306
10.25 7.133482 -3.116518 0.097885 0.116232
10.30 7.228236 -3.071764 0.093846 0.112102
10.35 7.322954 -3.027046 0.091645 0.109260
10.40 7.417632 -2.982368 0.090192 0.105311
10.45 7.512263 -2.937737 0.084751 0.101643
10.50 7.606842 -2.893158 0.081758 0.097593
10.55 7.701362 -2.848638 0.077567 0.096210
10.60 7.795818 -2.804182 0.073553 0.091147
10.65 7.890206 -2.759794 0.071718 0.090154
10.70 7.984523 -2.715477 0.067411 0.085975
10.75 8.078768 -2.671232 0.065076 0.081392
10.80 8.172943 -2.627057 0.061829 0.077570
10.85 8.267057 -2.582943 0.059887 0.073065
10.90 8.361121 -2.538879 0.055662 0.069053
10.95 8.455152 -2.494848 0.052488 0.064037
11.00 8.549177 -2.450823 0.049875 0.057443
11.05 8.643223 -2.406777 0.047274 0.055581
11.10 8.737323 -2.362677 0.044666 0.053306
11.15 8.831510 -2.318490 0.042140 0.050249
11.20 8.925814 -2.274186 0.039158 0.046235
11.25 9.020250 -2.229750 0.038002 0.043231
11.30 9.114817 -2.185183 0.037148 0.039827
11.35 9.209482 -2.140518 0.035966 0.037739
11.40 9.304172 -2.095828 0.034396 0.037869
11.45 9.398764 -2.051236 0.031254 0.036690
11.50 9.493072 -2.006928 0.029785 0.035441
11.55 9.586843 -1.963157 0.027676 0.034300
11.60 9.679753 -1.920247 0.027406 0.032453
11.65 9.771407 -1.878593 0.024912 0.030808
11.70 9.861351 -1.838649 0.025377 0.028086
11.75 9.949082 -1.800918 0.024494 0.028341
11.80 10.034070 -1.765930 0.024188 0.027067
11.85 10.115785 -1.734215 0.022714 0.028291
11.90 10.193725 -1.706275 0.021145 0.027508
11.95 10.267445 -1.682555 0.021458 0.029613
12.00 10.336589 -1.663411 0.019514 0.029791
12.05 10.400910 -1.649090 0.016193 0.030359
12.10 10.460289 -1.639711 0.016277 0.030607
12.15 10.514745 -1.635255 0.017260 0.031033
12.20 10.564430 -1.635570 0.017054 0.030908
12.25 10.609622 -1.640378 0.016551 0.030785
12.30 10.650702 -1.649298 0.013950 0.030650
12.35 10.688132 -1.661868 0.014670 0.030258
12.40 10.722425 -1.677575 0.015896 0.030326
12.45 10.754114 -1.695886 0.015748 0.031204
12.50 10.783724 -1.716276 0.016135 0.031960
12.55 10.811746 -1.738254 0.016731 0.031306
12.60 10.838621 -1.761379 0.017408 0.032389
12.65 10.864726 -1.785274 0.018028 0.032558
12.70 10.890367 -1.809633 0.017966 0.033387
12.75 10.915778 -1.834222 0.017168 0.033247
12.80 10.941128 -1.858872 0.018551 0.034002
12.85 10.966527 -1.883473 0.017698 0.035154
12.90 10.992035 -1.907965 0.019753 0.036483
12.95 11.017677 -1.932323 0.019628 0.036459
13.00 11.043450 -1.956550 0.020130 0.037208
13.05 11.069331 -1.980669 0.020004 0.036744
13.10 11.095292 -2.004708 0.018826 0.036174
13.15 11.121298 -2.028702 0.018044 0.036737
13.20 11.147318 -2.052682 0.018046 0.036493
13.25 11.173323 -2.076677 0.018755 0.036661
13.30 11.199292 -2.100708 0.018514 0.035947
13.35 11.225206 -2.124794 0.019339 0.035645
13.40 11.251057 -2.148943 0.019556 0.034423
13.45 11.276837 -2.173163 0.019914 0.033571
13.50 11.302545 -2.197455 0.021148 0.032326
13.55 11.328182 -2.221818 0.022033 0.032744
13.60 11.353752 -2.246248 0.021959 0.032261
13.65 11.379260 -2.270740 0.021291 0.033089
13.70 11.404711 -2.295289 0.021718 0.031535
13.75 11.430110 -2.319890 0.021667 0.031234
13.80 11.455465 -2.344535 0.022078 0.032035
13.85 11.480780 -2.369220 0.023345 0.031958
13.90 11.506061 -2.393939 0.025110 0.031298
13.95 11.531312 -2.418688 0.026826 0.031229
14.00 11.556538 -2.443462 0.028827 0.029859
14.05 11.581741 -2.468259 0.030025 0.029515
14.10 11.606925 -2.493075 0.030714 0.029475
14.15 11.632094 -2.517906 0.032791 0.029648
14.20 11.657248 -2.542752 0.034449 0.029589
14.25 11.682391 -2.567609 0.035981 0.029144
14.30 11.707524 -2.592476 0.036716 0.030648
14.35 11.732648 -2.617352 0.037451 0.030102
14.40 11.757765 -2.642235 0.038186 0.029507
14.45 11.782876 -2.667124 0.039915 0.030021
14.50 11.807981 -2.692019 0.041238 0.030547
