#Log10(Mpeak/Msun) Log10(Median_SM/Msun) Log10(Median_SM/Mpeak) Err+(dex) Err-(dex)
#Mpeak: peak historical halo mass, using Bryan & Norman virial overdensity.
#Best fit chi^2: 201.975220
#Warning: chi^2 > 200 implies that not all features are well fit.  Comparison with the raw data (in data/smhm/median_raw/) is crucial.
10.00 6.421450 -3.578550 0.103019 0.102142
10.05 6.521847 -3.528153 0.098630 0.099459
10.10 6.622230 -3.477770 0.096790 0.097551
10.15 6.722598 -3.427402 0.093141 0.094722
10.20 6.822947 -3.377053 0.087336 0.093494
10.25 6.923275 -3.326725 0.084726 0.092259
10.30 7.023578 -3.276422 0.082182 0.089722
10.35 7.123852 -3.226148 0.080301 0.085083
10.40 7.224095 -3.175905 0.076805 0.082879
10.45 7.324302 -3.125698 0.071850 0.080138
10.50 7.424470 -3.075530 0.065877 0.078370
10.55 7.524597 -3.025403 0.061598 0.077265
10.60 7.624684 -2.975316 0.058397 0.076836
10.65 7.724732 -2.925268 0.054227 0.076310
10.70 7.824749 -2.875251 0.052007 0.073600
10.75 7.924745 -2.825255 0.049881 0.071254
10.80 8.024740 -2.775260 0.046754 0.069783
10.85 8.124760 -2.725240 0.043971 0.067141
10.90 8.224840 -2.675160 0.040532 0.065076
10.95 8.325025 -2.624975 0.037334 0.062656
11.00 8.425371 -2.574629 0.036057 0.061362
11.05 8.525940 -2.524060 0.033807 0.059818
11.10 8.626797 -2.473203 0.031656 0.058104
11.15 8.728009 -2.421991 0.029068 0.054793
11.20 8.829628 -2.370372 0.027232 0.053798
11.25 8.931690 -2.318310 0.026753 0.053925
11.30 9.034193 -2.265807 0.021237 0.051946
11.35 9.137089 -2.212911 0.022608 0.049584
11.40 9.240265 -2.159735 0.019873 0.047890
11.45 9.343532 -2.106468 0.019402 0.047186
11.50 9.446607 -2.053393 0.017387 0.045920
11.55 9.549115 -2.000885 0.015474 0.044460
11.60 9.650580 -1.949420 0.012832 0.041496
11.65 9.750436 -1.899564 0.012287 0.037523
11.70 9.848044 -1.851956 0.010093 0.034676
11.75 9.942714 -1.807286 0.007459 0.035076
11.80 10.033736 -1.766264 0.004843 0.033906
11.85 10.120425 -1.729575 0.003674 0.033239
11.90 10.202154 -1.697846 0.003498 0.032760
11.95 10.278402 -1.671598 0.003119 0.031151
12.00 10.348783 -1.651217 0.002289 0.029151
12.05 10.413076 -1.636924 0.002881 0.029108
12.10 10.471243 -1.628757 0.003027 0.027645
12.15 10.523429 -1.626571 0.003813 0.026987
12.20 10.569951 -1.630049 0.005015 0.026281
12.25 10.611279 -1.638721 0.006895 0.026114
12.30 10.647999 -1.652001 0.009394 0.023740
12.35 10.680777 -1.669223 0.011662 0.025417
12.40 10.710317 -1.689683 0.012946 0.026955
12.45 10.737322 -1.712678 0.014068 0.027923
12.50 10.762456 -1.737544 0.017116 0.028350
12.55 10.786318 -1.763682 0.018929 0.029935
12.60 10.809424 -1.790576 0.019586 0.029822
12.65 10.832192 -1.817808 0.020630 0.030981
12.70 10.854943 -1.845057 0.019896 0.031028
12.75 10.877904 -1.872096 0.018572 0.031076
12.80 10.901219 -1.898781 0.016509 0.031239
12.85 10.924962 -1.925038 0.016209 0.031105
12.90 10.949151 -1.950849 0.015476 0.032113
12.95 10.973766 -1.976234 0.015082 0.032694
13.00 10.998760 -2.001240 0.014421 0.032594
13.05 11.024071 -2.025929 0.014375 0.033264
13.10 11.049632 -2.050368 0.012385 0.033916
13.15 11.075379 -2.074621 0.011599 0.034816
13.20 11.101254 -2.098746 0.011611 0.036568
13.25 11.127207 -2.122793 0.010756 0.037824
13.30 11.153199 -2.146801 0.012131 0.038200
13.35 11.179199 -2.170801 0.011415 0.038230
13.40 11.205186 -2.194814 0.010828 0.038925
13.45 11.231145 -2.218855 0.010743 0.038050
13.50 11.257069 -2.242931 0.010396 0.037232
13.55 11.282952 -2.267048 0.011343 0.037691
13.60 11.308794 -2.291206 0.010568 0.036576
13.65 11.334597 -2.315403 0.012839 0.035293
13.70 11.360362 -2.339638 0.012913 0.034129
13.75 11.386094 -2.363906 0.015048 0.034548
13.80 11.411796 -2.388204 0.015542 0.034987
13.85 11.437471 -2.412529 0.017423 0.037367
13.90 11.463124 -2.436876 0.018741 0.036482
13.95 11.488757 -2.461243 0.019970 0.035520
14.00 11.514373 -2.485627 0.020252 0.034716
14.05 11.539975 -2.510025 0.021885 0.036904
14.10 11.565565 -2.534435 0.023516 0.036090
14.15 11.591144 -2.558856 0.024920 0.034113
14.20 11.616715 -2.583285 0.026773 0.034482
14.25 11.642278 -2.607722 0.028423 0.035847
14.30 11.667835 -2.632165 0.031589 0.036957
14.35 11.693387 -2.656613 0.034074 0.038641
14.40 11.718934 -2.681066 0.036500 0.039475
