#Log10(Mpeak/Msun) Log10(Median_SM/Msun) Log10(Median_SM/Mpeak) Err+(dex) Err-(dex)
#Mpeak: peak historical halo mass, using Bryan & Norman virial overdensity.
#Best fit chi^2: 201.975220
#Warning: chi^2 > 200 implies that not all features are well fit.  Comparison with the raw data (in data/smhm/median_raw/) is crucial.
10.00 6.277662 -3.722338 0.106229 0.093053
10.05 6.380068 -3.669932 0.102267 0.092745
10.10 6.482462 -3.617538 0.098314 0.091116
10.15 6.584844 -3.565156 0.095310 0.088508
10.20 6.687211 -3.512789 0.090705 0.088728
10.25 6.789561 -3.460439 0.087136 0.091096
10.30 6.891890 -3.408110 0.083569 0.091183
10.35 6.994196 -3.355804 0.080008 0.090756
10.40 7.096476 -3.303524 0.076457 0.090334
10.45 7.198728 -3.251272 0.072919 0.088739
10.50 7.300951 -3.199049 0.067953 0.084929
10.55 7.403143 -3.146857 0.064439 0.084831
10.60 7.505306 -3.094694 0.059054 0.082732
10.65 7.607447 -3.042553 0.052354 0.081702
10.70 7.709574 -2.990426 0.045586 0.078813
10.75 7.811705 -2.938295 0.042889 0.075964
10.80 7.913863 -2.886137 0.039416 0.073049
10.85 8.016083 -2.833917 0.038928 0.070657
10.90 8.118410 -2.781590 0.036156 0.068724
10.95 8.220903 -2.729097 0.032917 0.070023
11.00 8.323633 -2.676367 0.030117 0.070111
11.05 8.426682 -2.623318 0.028171 0.068967
11.10 8.530141 -2.569859 0.026334 0.067704
11.15 8.634099 -2.515901 0.022329 0.066675
11.20 8.738645 -2.461355 0.020786 0.065725
11.25 8.843842 -2.406158 0.020477 0.065464
11.30 8.949725 -2.350275 0.018114 0.058602
11.35 9.056276 -2.293724 0.017014 0.058056
11.40 9.163408 -2.236592 0.015212 0.057144
11.45 9.270949 -2.179051 0.013183 0.054872
11.50 9.378624 -2.121376 0.011417 0.053949
11.55 9.486044 -2.063956 0.009217 0.052584
11.60 9.592705 -2.007295 0.007342 0.050527
11.65 9.697988 -1.952012 0.006142 0.047504
11.70 9.801178 -1.898822 0.006994 0.044384
11.75 9.901487 -1.848513 0.002934 0.041665
11.80 9.998090 -1.801910 0.002234 0.039862
11.85 10.090170 -1.759830 0.001990 0.039763
11.90 10.176963 -1.723037 0.003325 0.036940
11.95 10.257809 -1.692191 0.003717 0.034866
12.00 10.332196 -1.667804 0.005090 0.032865
12.05 10.399799 -1.650201 0.005010 0.030317
12.10 10.460497 -1.639503 0.005775 0.027234
12.15 10.514391 -1.635609 0.005794 0.024694
12.20 10.561789 -1.638211 0.009023 0.023738
12.25 10.603188 -1.646812 0.011263 0.021035
12.30 10.639236 -1.660764 0.014259 0.020110
12.35 10.670688 -1.679312 0.015390 0.018374
12.40 10.698362 -1.701638 0.018952 0.018856
12.45 10.723081 -1.726919 0.022481 0.018675
12.50 10.745639 -1.754361 0.024563 0.018775
12.55 10.766759 -1.783241 0.026643 0.021281
12.60 10.787069 -1.812931 0.026781 0.022746
12.65 10.807084 -1.842916 0.025428 0.022783
12.70 10.827203 -1.872797 0.025208 0.022894
12.75 10.847710 -1.902290 0.023594 0.023063
12.80 10.868787 -1.931213 0.022711 0.025174
12.85 10.890527 -1.959473 0.021874 0.025756
12.90 10.912953 -1.987047 0.020069 0.025927
12.95 10.936037 -2.013963 0.017868 0.026109
13.00 10.959713 -2.040287 0.015519 0.028269
13.05 10.983898 -2.066102 0.014345 0.030280
13.10 11.008501 -2.091499 0.012476 0.032391
13.15 11.033430 -2.116570 0.010280 0.033515
13.20 11.058603 -2.141397 0.009085 0.035960
13.25 11.083948 -2.166052 0.008590 0.036071
13.30 11.109405 -2.190595 0.009105 0.038516
13.35 11.134927 -2.215073 0.008648 0.038487
13.40 11.160480 -2.239520 0.008483 0.038281
13.45 11.186037 -2.263963 0.009160 0.037448
13.50 11.211583 -2.288417 0.010005 0.037055
13.55 11.237106 -2.312894 0.010618 0.036769
13.60 11.262601 -2.337399 0.010778 0.036999
13.65 11.288066 -2.361934 0.011249 0.036500
13.70 11.313501 -2.386499 0.012111 0.036848
13.75 11.338907 -2.411093 0.012671 0.035652
13.80 11.364288 -2.435712 0.014086 0.035311
13.85 11.389645 -2.460355 0.016050 0.034080
13.90 11.414982 -2.485018 0.017723 0.034159
13.95 11.440301 -2.509699 0.019288 0.035375
14.00 11.465605 -2.534395 0.021589 0.037514
14.05 11.490895 -2.559105 0.023840 0.036442
14.10 11.516175 -2.583825 0.026116 0.037014
14.15 11.541446 -2.608554 0.027566 0.035892
14.20 11.566708 -2.633292 0.028783 0.038315
14.25 11.591965 -2.658035 0.030687 0.039174
14.30 11.617215 -2.682785 0.032589 0.039753
14.35 11.642461 -2.707539 0.035191 0.041040
