#Log10(Mpeak/Msun) Log10(Median_SM/Msun) Log10(Median_SM/Mpeak) Err+(dex) Err-(dex)
#Mpeak: peak historical halo mass, using Bryan & Norman virial overdensity.
#Best fit chi^2: 201.975220
#Warning: chi^2 > 200 implies that not all features are well fit.  Comparison with the raw data (in data/smhm/median_raw/) is crucial.
10.00 6.104849 -3.895151 0.126056 0.110745
10.05 6.205301 -3.844699 0.119521 0.109058
10.10 6.305746 -3.794254 0.112988 0.106842
10.15 6.406185 -3.743815 0.106459 0.106520
10.20 6.506615 -3.693385 0.104178 0.105678
10.25 6.607034 -3.642966 0.099512 0.104896
10.30 6.707442 -3.592558 0.091584 0.103018
10.35 6.807835 -3.542165 0.086389 0.101136
10.40 6.908212 -3.491788 0.079662 0.098493
10.45 7.008570 -3.441430 0.074493 0.094861
10.50 7.108908 -3.391092 0.069933 0.094298
10.55 7.209222 -3.340778 0.064700 0.093093
10.60 7.309511 -3.290489 0.058414 0.091350
10.65 7.409777 -3.240223 0.054380 0.089565
10.70 7.510019 -3.189981 0.050521 0.087525
10.75 7.610244 -3.139756 0.043122 0.085420
10.80 7.710461 -3.089539 0.037015 0.083403
10.85 7.810686 -3.039314 0.036175 0.080948
10.90 7.910943 -2.989057 0.034220 0.078949
10.95 8.011267 -2.938733 0.029819 0.076588
11.00 8.111706 -2.888294 0.023513 0.073999
11.05 8.212321 -2.837679 0.018828 0.072180
11.10 8.313190 -2.786810 0.018795 0.071368
11.15 8.414407 -2.735593 0.017625 0.065772
11.20 8.516079 -2.683921 0.016857 0.062823
11.25 8.618323 -2.631677 0.015119 0.060435
11.30 8.721258 -2.578742 0.015453 0.056878
11.35 8.824996 -2.525004 0.013255 0.054347
11.40 8.929625 -2.470375 0.012383 0.052619
11.45 9.035190 -2.414810 0.012021 0.052994
11.50 9.141680 -2.358320 0.011663 0.050524
11.55 9.248998 -2.301002 0.011989 0.046823
11.60 9.356947 -2.243053 0.011439 0.046346
11.65 9.465205 -2.184795 0.010948 0.043921
11.70 9.573323 -2.126677 0.010893 0.040807
11.75 9.680713 -2.069287 0.011559 0.038685
11.80 9.786657 -2.013343 0.009402 0.037780
11.85 9.890331 -1.959669 0.008095 0.038097
11.90 9.990827 -1.909173 0.009274 0.037337
11.95 10.087204 -1.862796 0.009327 0.035399
12.00 10.178536 -1.821464 0.008941 0.032121
12.05 10.263967 -1.786033 0.010781 0.029490
12.10 10.342767 -1.757233 0.012425 0.027474
12.15 10.414385 -1.735615 0.014810 0.026117
12.20 10.478486 -1.721514 0.018340 0.023109
12.25 10.534977 -1.715023 0.019726 0.020036
12.30 10.584016 -1.715984 0.021727 0.017191
12.35 10.625995 -1.724005 0.023205 0.013446
12.40 10.661516 -1.738484 0.027560 0.009673
12.45 10.691346 -1.758654 0.029639 0.006828
12.50 10.716365 -1.783635 0.031842 0.005892
12.55 10.737508 -1.812492 0.034653 0.004749
12.60 10.755713 -1.844287 0.035764 0.005113
12.65 10.771869 -1.878131 0.038497 0.007412
12.70 10.786775 -1.913225 0.039141 0.008241
12.75 10.801117 -1.948883 0.039042 0.010979
12.80 10.815448 -1.984552 0.039039 0.013267
12.85 10.830184 -2.019816 0.037658 0.016301
12.90 10.845611 -2.054389 0.037605 0.018669
12.95 10.861901 -2.088099 0.036195 0.021023
13.00 10.879126 -2.120874 0.034780 0.023751
13.05 10.897280 -2.152720 0.034896 0.025198
13.10 10.916306 -2.183694 0.033573 0.027299
13.15 10.936106 -2.213894 0.033234 0.029638
13.20 10.956568 -2.243432 0.032166 0.029857
13.25 10.977572 -2.272428 0.031266 0.032065
13.30 10.999001 -2.300999 0.031927 0.034853
13.35 11.020753 -2.329247 0.033102 0.034334
13.40 11.042737 -2.357263 0.031762 0.034053
13.45 11.064881 -2.385119 0.030072 0.033454
13.50 11.087125 -2.412875 0.028559 0.033135
13.55 11.109426 -2.440574 0.028910 0.031116
13.60 11.131752 -2.468248 0.029502 0.030132
13.65 11.154081 -2.495919 0.030407 0.028754
13.70 11.176400 -2.523600 0.031027 0.029063
13.75 11.198699 -2.551301 0.033107 0.027821
13.80 11.220975 -2.579025 0.033833 0.028015
13.85 11.243226 -2.606774 0.036218 0.029926
13.90 11.265453 -2.634547 0.037894 0.030258
13.95 11.287657 -2.662343 0.040515 0.030097
14.00 11.309841 -2.690159 0.042536 0.030838
14.05 11.332007 -2.717993 0.046020 0.029355
14.10 11.354156 -2.745844 0.047930 0.031412
14.15 11.376293 -2.773707 0.049862 0.032775
