#Log10(Mpeak/Msun) Log10(Median_SM/Msun) Log10(Median_SM/Mpeak) Err+(dex) Err-(dex)
#Mpeak: peak historical halo mass, using Bryan & Norman virial overdensity.
#Best fit chi^2: 201.975220
#Warning: chi^2 > 200 implies that not all features are well fit.  Comparison with the raw data (in data/smhm/median_raw/) is crucial.
10.00 6.132894 -3.867106 0.117696 0.105775
10.05 6.234669 -3.815331 0.112126 0.105137
10.10 6.336437 -3.763563 0.106553 0.101969
10.15 6.438196 -3.711804 0.100978 0.100693
10.20 6.539944 -3.660056 0.097154 0.098414
10.25 6.641681 -3.608319 0.090375 0.096772
10.30 6.743403 -3.556597 0.084937 0.097773
10.35 6.845109 -3.504891 0.080532 0.097871
10.40 6.946796 -3.453204 0.073715 0.093968
10.45 7.048462 -3.401538 0.068846 0.092413
10.50 7.150105 -3.349895 0.065599 0.092224
10.55 7.251722 -3.298278 0.058926 0.091675
10.60 7.353316 -3.246684 0.055040 0.091548
10.65 7.454886 -3.195114 0.052442 0.091004
10.70 7.556439 -3.143561 0.049141 0.086894
10.75 7.657984 -3.092016 0.045298 0.084736
10.80 7.759537 -3.040463 0.040527 0.082457
10.85 7.861121 -2.988879 0.037707 0.082486
10.90 7.962773 -2.937227 0.034071 0.080062
10.95 8.064539 -2.885461 0.031039 0.077508
11.00 8.166481 -2.833519 0.026743 0.076325
11.05 8.268675 -2.781325 0.025268 0.075929
11.10 8.371216 -2.728784 0.020658 0.073274
11.15 8.474208 -2.675792 0.019400 0.072289
11.20 8.577768 -2.622232 0.017929 0.068432
11.25 8.682012 -2.567988 0.017914 0.063510
11.30 8.787049 -2.512951 0.016408 0.063372
11.35 8.892962 -2.457038 0.014208 0.059536
11.40 8.999795 -2.400205 0.013243 0.057433
11.45 9.107529 -2.342471 0.012216 0.054918
11.50 9.216065 -2.283935 0.012370 0.052069
11.55 9.325197 -2.224803 0.010969 0.049950
11.60 9.434603 -2.165397 0.009680 0.046027
11.65 9.543826 -2.106174 0.007952 0.045173
11.70 9.652277 -2.047723 0.006363 0.043808
11.75 9.759239 -1.990761 0.004693 0.040637
11.80 9.863888 -1.936112 0.004395 0.038453
11.85 9.965321 -1.884679 0.004414 0.036045
11.90 10.062605 -1.837395 0.004432 0.034859
11.95 10.154822 -1.795178 0.003950 0.032669
12.00 10.241128 -1.758872 0.004965 0.032193
12.05 10.320809 -1.729191 0.008393 0.030235
12.10 10.393326 -1.706674 0.010602 0.027730
12.15 10.458359 -1.691641 0.013793 0.025000
12.20 10.515828 -1.684172 0.017387 0.022300
12.25 10.565900 -1.684100 0.019386 0.019027
12.30 10.608977 -1.691023 0.022024 0.015467
12.35 10.645663 -1.704337 0.025792 0.012692
12.40 10.676726 -1.723274 0.027543 0.009888
12.45 10.703043 -1.746957 0.030354 0.008386
12.50 10.725542 -1.774458 0.032800 0.007438
12.55 10.745153 -1.804847 0.033834 0.007988
12.60 10.762752 -1.837248 0.034071 0.008892
12.65 10.779131 -1.870869 0.034531 0.010428
12.70 10.794962 -1.905038 0.033325 0.012324
12.75 10.810788 -1.939212 0.031793 0.013757
12.80 10.827016 -1.972984 0.030834 0.017099
12.85 10.843927 -2.006073 0.029587 0.018805
12.90 10.861685 -2.038315 0.027152 0.019819
12.95 10.880359 -2.069641 0.025224 0.021752
13.00 10.899944 -2.100056 0.024824 0.023282
13.05 10.920380 -2.129620 0.024612 0.026296
13.10 10.941571 -2.158429 0.023314 0.030368
13.15 10.963406 -2.186594 0.022222 0.033484
13.20 10.985766 -2.214234 0.022535 0.034447
13.25 11.008539 -2.241461 0.021939 0.034228
13.30 11.031624 -2.268376 0.020961 0.034253
13.35 11.054932 -2.295068 0.021444 0.036379
13.40 11.078393 -2.321607 0.021021 0.036554
13.45 11.101949 -2.348051 0.020525 0.035438
13.50 11.125559 -2.374441 0.021437 0.034158
13.55 11.149191 -2.400809 0.020941 0.033917
13.60 11.172824 -2.427176 0.021648 0.032164
13.65 11.196445 -2.453555 0.021232 0.030661
13.70 11.220047 -2.479953 0.022597 0.031354
13.75 11.243625 -2.506375 0.023389 0.031075
13.80 11.267177 -2.532823 0.024828 0.030482
13.85 11.290706 -2.559294 0.027493 0.029619
13.90 11.314212 -2.585788 0.028740 0.030240
13.95 11.337698 -2.612302 0.029451 0.032116
14.00 11.361165 -2.638835 0.032053 0.033990
14.05 11.384617 -2.665383 0.034711 0.034775
14.10 11.408056 -2.691944 0.036988 0.036618
14.15 11.431483 -2.718517 0.039956 0.037763
14.20 11.454900 -2.745100 0.042783 0.038478
